50
358051960 846858070 340957534 884354675 990465411 118445583 908658634 262963048 486803080 390785733 953196060 36522138 911488123 672853689 984280030 711353393 325298929 29880363 535637098 882605302 129602900 779370979 179021888 568360724 784423592 160078499 709492779 371258942 499489868 599351470 84750477 790164669 880859237 931892272 593214137 527703971 977108152 8856110 362564669 9825840 349763388 601248086 534012754 51497383 914185782 829948189 841284232 420326703 484193916 341922262
895876760 373576409 656738753 282992901 42709504 437316571 741373615 649341216 576893756 877599200 437271572 423640856 561664955 969364696 407830551 888439639 436765385 960165094 638119665 72479551 237277780 616879386 240046165 158249463 680885243 217060262 118699007 231235281 507239485 594004550 603227324 810902549 254708824 353613139 276580575 510335127 195264609 933601088 71895931 632612760 685953510 686951462 904298072 540952874 908881268 760250684 618106993 754325151 910635748
707197123 624946161 876496190 915738370 255071250 247638920 775441822 230254624 811888632 158714689 283432054 346307610 429161602 679333994 898967589 248615902 866318092 108540683 449082061 118217007 93009450 467582576 954953358 657080145 184985512 25722094 837951287 760127011 23370067 707026596 758237254 163162167 247522802 218082754 759042640 99089435 217510991 27973998 174236596 344987002 404447583 502480477 530555372 907601724 333894947 388073380 138832411 638211804
328873590 441988613 953687417 147065245 814939084 541336969 816740404 170605976 261018363 355938847 20689733 964904022 739998658 693876401 884211971 979051057 331346995 639135995 451243903 289099036 698829121 964619092 826510956 869312751 540075438 268875720 76370171 708560588 23880812 483152733 512743752 875742939 217843256 428186745 704026388 398612610 393841863 627875080 773316618 163860552 981371710 59564812 670956489 544400674 812109819 936803073 414312065
555103959 333847247 662603932 350092379 266411150 565782639 953995428 460501616 883004871 543978326 836283054 778370932 525524745 606028962 811782407 623587008 780692233 152863620 840092333 502260220 966035151 187261642 970719395 346007238 176253135 735491549 477299295 875149900 331770219 562768481 636511713 519330968 112896409 554804372 234401056 388406184 806224092 458050035 306175780 361985636 436078680 1087450 88183185 225858511 214489378 527681623
277546215 842680403 594689096 34271357 243051042 418457171 803671410 74565934 151692499 365340140 27305920 134378854 19443691 575293774 191355211 232622409 730903347 313334303 792796372 183865417 722215643 278483018 684577799 800009988 41374144 38740209 707338958 540662166 837163546 769759872 190762133 467292663 77270941 441162873 682171715 529293814 464135677 35779228 96512309 75246409 494322348 841686167 400917622 111291294 54989820
678498931 697196653 77063621 449455113 436074934 962561745 878282666 354263137 169978684 995399179 571405610 615793899 87029524 35926161 631815237 423077889 589979558 205735695 422508494 352950257 117528309 946382919 927605598 604485328 916229606 135034994 296897893 697031606 500254306 964589539 71297181 227397322 518943581 703951948 667434116 186205443 45179093 909857818 75960744 715021701 976815234 260703678 365334914 970507107
987315580 79765098 233002114 876270983 78444707 82242714 63667190 34226393 404231928 552449704 579796428 964341980 42796829 480594393 19170397 685646670 475030539 534278210 333273557 416823808 103365589 322835628 377187199 432203525 62465144 115679507 77218263 580681711 196588174 843505806 647423580 268792849 565885377 116777287 662560414 407630164 36751081 982564077 436025825 357441651 532192106 134305314 835334287
87472243 994236443 771274903 861876966 970791720 361390313 920903969 565159342 961240194 496476850 500030943 516380348 344083639 444295191 218774407 750689886 185176829 875193750 725629492 111438426 997276271 855444588 187114997 414880885 605105683 85450837 285205586 508812997 989209330 41758636 63474061 638208684 799697808 716214860 122131722 499198047 673101992 587763563 914855203 63129120 111587948 552847440
84525047 395399637 463456469 899920339 495672656 467993015 122432127 398190648 237347480 79234429 510172869 28031581 463808255 386404413 545942189 31015587 6620257 279998155 206018588 241958880 466222785 540127119 856278994 170189423 142471794 596060745 169573523 982627945 509609894 971109346 978087306 246429370 36833657 932472954 562786889 168206560 957567273 406376698 730996502 868421800 573035795
678450203 968871020 787722215 145612123 513791927 80305214 880140798 369534537 396638322 763281782 34986077 36064081 949110208 141853966 10618139 302254811 226299385 220525391 449360145 400061348 53594358 52599478 203662590 832089359 512801259 364453783 473863478 730193033 305471280 210130187 415727351 594940736 681628578 924071644 554268442 371714872 306987082 81732495 199491984 890265185
857670705 581305553 276908744 456899210 372765333 580549977 296627138 761128225 992978391 193447292 706891177 262229506 658986187 320332332 212850456 164066053 450352512 272530801 238875041 308695753 887239509 488575452 521274073 304438810 619290458 878767379 380038485 146173842 457298919 401995689 444254830 79902045 121123795 208878474 528533371 772021978 103084647 626201176 283007959
910933685 727015991 269996810 818781010 136147155 162307205 70637784 118963004 440090771 206119531 565281520 317191004 774697610 794836063 639054904 568924138 915386970 599057422 700897030 869522582 560458697 526715835 864024906 662303521 97309273 552974131 490716962 934011775 794578524 507390273 535270651 204347302 763312402 116418637 849606622 620926576 6794961 700976002
309483714 963701346 360578391 901236664 45736974 538952663 675017587 808845718 700101293 94672349 944395940 158101981 355304525 905961588 85324790 23286305 40666020 216980856 124032965 655812591 430758713 136183812 38922431 469285730 838419006 582133368 788419792 284742009 67931208 723099384 103927463 288754113 25814838 84317298 60546536 59996711 974306394
356320320 792336771 501490351 571856938 759705149 142854889 68339891 56909497 656427514 738044751 147061234 413678013 80444767 494304176 724775333 574149258 647879623 512395267 77605749 199296539 387822041 100623429 514741738 656665820 877287406 105989177 936969813 658790049 848493216 261934427 809264933 400897032 297067850 332250261 390467076 292725279
54612374 378990449 646762921 155241951 837848333 119609052 163330356 795153551 581339682 811114460 894769143 224505202 53371657 666100508 802813690 597345352 601618347 970208696 479135019 543170756 531410385 962171997 294232036 630719511 129939427 211054851 13828688 570878943 794572529 527678950 763873034 417416333 300142638 93282891 976729971
670332253 63962672 790084103 451352168 318341045 518661411 871024585 562946484 576648491 380403495 625452012 342160510 943433584 802750762 68644677 828375916 117781771 615762198 401072874 116151245 767231704 899091448 193077708 465694152 814028556 622461267 899676215 367866949 266300344 940642730 6404485 386341240 316033177 355067984
635521365 175650927 316669195 913747670 817447903 888637046 204440734 621461359 359480371 639053659 756264135 517286077 665971770 696611217 898239975 578988229 902275207 141805304 872581406 159275422 576197414 978375336 197741552 930425977 809828333 94652021 180410947 265207267 367899306 53686429 23267717 109630323 525810904
539912551 130683039 81235927 623313258 209634137 861927610 155159420 487439852 358206688 15747818 954324429 891751595 277717779 564434434 697355986 226043653 809339569 774889591 691682164 49689835 575094861 795862115 486631612 805789941 899357399 672313571 804487109 108393253 363012479 861606419 286096581 544033034
285937271 348377316 918326228 648577748 360436767 983355945 19472382 393765367 115059621 139358736 360698510 522555836 594531803 893789963 438417998 78635890 851516901 503437411 208796503 67711628 891484041 834843010 617295030 894571739 817356897 547437444 406703155 186073331 482754821 509168370 974921542
889075052 330963223 283564914 628042445 443569644 137757676 854987548 281702391 681187187 953205918 860030310 337488054 281791333 572250767 102339729 554107206 204354360 815521994 45947822 961138828 722790808 214451629 554211341 739801214 753869596 141584346 185420077 255474366 889434191 963082620
14543837 51259220 767468513 278171458 273895338 852656482 4497801 736880071 345697890 280633393 853065931 104837369 28545891 360268572 78043707 405530684 390852793 778574316 683166780 200418066 493111996 452412326 361156146 841206861 909292501 117889661 101440672 27650882 414462996
703059199 734656957 820808361 496029200 573222792 696596707 905011821 616142950 296133425 110267412 351315723 898673574 409608821 697020200 209189955 985483691 781784125 796469674 541582634 891627195 409463356 609827580 557008191 936505061 590384664 522023616 536484069 396621678
734864776 970772143 720712254 97318179 87446747 832519628 308043044 847843465 118476769 45942167 25716988 881074349 474466036 265978059 398074767 83003144 825309701 290693066 792717003 247040408 154752284 657063513 460734891 940575710 640002049 178834334 964221370
86495332 128785769 450459677 777405036 191964197 677671383 248145429 353882979 326223988 396032333 70839698 681274373 279785138 833310454 162675486 344478130 249844929 401232919 660719518 533523449 718892933 401413158 777689453 590380754 248319126 541509894
906809761 764782865 192902332 364060384 367993198 974320287 374969985 937043574 653025599 489358911 899152584 596454127 391888975 577626112 520586351 442756835 353798446 651054017 884418663 363938616 880598378 100264824 414227520 893225441 517013341
2113819 792562366 641294959 143804669 889662379 962976725 131033452 827040209 89766858 15088888 191749391 757067274 415315388 723120052 847176366 712440517 285883705 885689424 156443596 588314629 883983396 831891875 971664898 93699805
528272421 849816510 345679412 737730390 107218883 116083878 19014719 492038736 685343185 299035956 381889688 848934147 342946308 354634926 41698694 890811327 700302036 772818046 11336499 799894445 928374529 709358874 398782923
888012498 251602806 191638028 58317936 327566700 530799821 465864788 890601736 884255116 481466670 14288936 569951003 740378756 305102963 66851294 278666537 440272558 162126725 511898385 626498297 651626508 811187449
952574127 134732301 257621827 362220943 637242625 767863083 627117688 386995574 68222716 571286893 921479208 575881925 470350279 29683424 868916010 904760675 915448506 116721061 12899276 244188245 554938641
459325037 816796098 51021263 435312747 596788089 488774201 150986317 882864455 284030343 300549281 786264073 515928507 720427255 976542484 305422419 963413395 586867905 383291520 208394280 47243105
770695470 816656679 100745196 559043567 32074175 556511785 211279856 730046289 731062121 298388616 892966351 610132485 570798600 608682809 330208910 95638410 944512742 872625172 452632104
499486301 664157753 970855011 895356518 152103817 270306590 725726636 392377191 277037887 947648857 379919956 216711361 411306401 962808346 524539110 263242645 398584472 927944046
180566442 38725333 619525271 401766561 717546485 819764398 186172134 618643466 447499224 496787982 373075497 817175070 605362410 710102262 608510434 811217818 302643477
36948788 996515674 281908228 911546150 263341666 761723927 394177857 983756639 831541862 151171930 651208890 199011565 825121119 427667466 879129952 703379665
678177585 770633253 588227280 367850739 193930572 376676348 390572052 349944572 533352674 8544164 9028381 592772861 865082651 931405584 328318775
721667934 713722655 847568171 736746523 418273434 779728586 216848944 120279153 903261919 633998130 715134446 877186468 933834061 988048859
612630001 527366234 826783798 198232742 401802691 583574058 542921184 31625320 535170742 397627232 226727136 382786713 857616030
379327649 185778809 449107545 863636405 910964421 593511592 274473422 5173617 694798016 880986745 130830846 651215686
829785552 326233512 455783366 361671516 89353045 89484476 454730315 101591101 862410614 961848841 608092157
774800767 811228470 914076498 272198995 854263713 849202457 380030014 420007700 161307959 440812656
865590176 560149188 465501746 50808732 963105980 287111053 578823721 33618076 172031503
410276030 399126940 215267254 370963770 261415210 881221643 358150815 228326769
135495455 131786739 576507488 649129726 989383775 611926209 105201083
474977942 676776161 458164787 88895654 121068787 158669871
256117522 13308958 482797389 886322244 822394942
486650045 776103617 508857992 239625574
995600084 979629394 202306978
978904454 675441148
