16
341253942 72911353 348151686 159537777 452879867 590740953 293409682 982668252 719362206 645324402 1410654 931731327 996556453 592541450 514581113 206580896
940128503 255287714 608547128 23555330 472794664 287355833 73691847 443914834 481505121 417122018 484020142 444226796 754275207 707975468 598401591
910457591 870924435 945430838 857120132 404448512 923320432 181906524 874248939 257783566 265793899 368307056 903174465 732427579 781113997
19262579 730429426 385640360 47749346 398618109 895932140 823055103 733743077 529580665 418757553 705082505 867235205 881796859
761960303 280131855 12831934 427481964 213385209 946220379 418699767 970464335 81477835 160507675 428439303 978620560
739211111 124670189 654431617 866421848 382093667 181189414 58409459 240489362 1510722 950145459 41408113
181635070 899728620 578305362 257018060 768386075 205113821 244957717 412663656 832108781 682256755
284787733 753764915 6450520 185950014 686485721 3811218 407146610 195367900 913228643
728940641 594198492 921112386 562141828 954360500 692707540 800853964 396602460
210314819 304191556 997445701 425955972 810190513 928509836 148180654
924177419 321941641 271134409 578618879 212802741 783418522
8385704 46915281 715716311 565237991 193384515
869017001 342238525 362111983 388531088
291392853 417249518 752249285
906837145 688121624
