50
863814213 196854710 3712708 104552393 369962473 318955844 180398128 982610338 441873789 540739540 682306233 209816619 458704843 830832376 710479513 286196126 19801446 897286571 952097060 370763818 671032268 217007175 428937300 266869899 814785998 541020533 936047280 659226513 981425377 141140045 898209034 135454463 900292161 481855181 309707161 982434173 727350667 367967497 464613372 496234062 313671625 850470874 462778892 912924724 946645147 102953619 783545726 458378218 374718743 93254098
79669846 635409406 470893667 300971866 253115802 894938801 313010661 944354467 412681271 314900741 771462560 821928664 475928982 798972515 640823028 235200302 376317326 958289847 16526883 561430847 502491377 136279221 239298970 51709753 561226736 864331416 390071468 332396663 550358669 973723101 878371360 946150661 883927438 466769192 490522605 907564034 573649309 721297340 740119321 124507571 996962454 796118085 573191329 358067262 803136068 167602758 51753755 935980952 662715818
321559830 388280090 851107658 767029428 754259769 387762693 522539589 377789898 370924278 147656382 753609848 752670024 204184368 713709996 804789878 305443573 523093718 97123249 854502640 709532986 986393861 985737352 480830166 797887074 229468295 581985016 446831445 146194507 458182633 722380140 514642302 662090665 447083554 347146011 407911604 432570227 588540268 265810924 820235784 621567362 520096954 725597957 802663480 274185818 257715598 449245969 12590564 407058818
399132207 37366299 748725344 953960368 691975538 769435052 798340860 182302934 835136473 953126117 876376801 351601451 651126051 446641850 345347111 435371608 986044281 864802729 34642440 942854742 799794138 36451448 115347589 826103862 514830035 586848302 917810674 901387326 484151930 899560448 590575036 208817379 324408465 945461916 841881953 62603855 876626615 729891194 280299672 782288145 454318556 190861941 545592641 261243977 770866344 106449232 383248739
37282263 712362755 198826433 468330568 217166825 895406138 577397385 62707679 690723753 3426479 456563489 645383351 578288686 781389393 406233515 309504853 391136986 220119522 49297448 602920621 352540851 263065942 548652472 466792147 489168495 148447641 259011839 607063749 388711417 863790006 335026060 141442478 169738298 484615496 631070953 231876179 310197894 944168505 125598629 10434319 477218505 270838721 854842844 834985911 626869845 348906166
163960160 236284219 711092277 312090536 841519317 819478347 268316066 253127325 611077560 701109802 707466105 132877447 890171362 193484004 281719591 914905677 550753631 762792778 55194901 508459668 551075849 40455523 820702966 390688907 413134707 563795276 679641652 751223588 107498490 518145824 991516583 396240449 852432661 486590224 586371052 303740438 201289480 388991864 680780924 63990001 241778422 290854815 282352179 164135480 491189628
35549421 679159245 476498111 40465000 255447850 906923870 9651547 823083244 231569065 847221784 176177459 164969641 486974477 63843615 864273053 901622387 37163228 560779032 835273142 908667992 921395933 991052827 621218319 14470115 989369061 805931155 563821938 926396274 892772650 212778933 25936384 407922433 360128417 594052268 386970155 758322251 7355860 153272405 206625398 393457801 27438583 83335054 672886815 565990186
630911445 399149452 830573936 46922620 595508238 536750784 500410403 314099199 502719415 313344434 41890878 707846052 858476764 11356160 896201308 625455502 388591406 779553211 232507788 162859850 892207242 903767853 173567375 767046441 588894067 457453419 840411544 876078878 239125086 8222441 698913051 494896663 614534871 322983718 750936994 380743788 759094796 765849562 490439815 556042318 730497936 449258546 276264280
659017342 63303191 669121697 49358457 908262199 19539588 589783157 578385305 101298914 988136672 394817218 118212534 797769555 766095580 674261061 462043947 120109627 524181816 680302457 926456430 949869745 938242760 370109406 816707155 974713063 252533657 968786354 973872960 433597555 697647420 502275781 414907474 147460109 691878342 669637454 202041596 932090270 571183286 994730937 899128358 436977829 222919480
917676871 755515891 797650803 968778182 997463381 251341834 273591660 426387130 499821684 7807554 787985986 951846820 35072270 517033252 498879492 780390519 910958822 841865227 200014783 181427658 898346654 707254567 588536346 206242130 71025070 136710468 385039236 650696932 706005211 771522018 106798361 647228512 843948828 56172775 395213355 254408252 296295068 123275538 493870311 189717339 449920228
993452632 460357475 922660148 34089530 496360856 998222527 708137793 527787329 223333342 540520377 909638590 104129341 281492773 312619813 265286025 19774553 288455017 764102529 816585567 257237168 151423860 599786821 398544198 755123074 327396347 613180059 856579743 721858011 193788314 996171799 773868518 297784767 16065351 697843960 740458877 527664885 379128884 789679829 493833755 209281176
475822061 843766916 39727913 330607149 989113796 136483616 646617542 120807055 726656911 436318075 811632419 885521334 444490665 77313991 928114786 112875569 298531049 228676885 626967897 499824387 776491536 530297794 842887972 380095993 109429601 689470192 807982786 37580577 855713415 160763587 892571371 791013918 804362503 992909827 993364778 145250774 750195735 260081675 233057541
40394147 826584883 748104415 100003557 503649750 702177566 659381327 387008810 788362047 325398360 474006718 157148816 585487981 575316653 885644142 531480573 433518138 801605485 180056948 579423106 243259606 841053241 310021441 2849644 527115297 728653364 930473909 52186704 284508929 962834663 107899624 77228157 99502539 340789889 600590260 248555084 334118039 203806136
709425560 238848696 511020977 839073141 372951101 481977956 273159135 112085404 554651779 351531612 701135755 230740757 378297118 838676169 716168434 649606127 666006523 674305499 903196628 757883291 40866419 513894585 793389359 638883911 256935067 896164997 348482314 169922855 613339516 880405069 430148333 180338417 148267027 522510039 602654342 890451659 797875343
927201185 147085540 535909964 607643015 254934151 912449447 857864768 199789408 631061146 673268049 731863787 833576350 153896657 493580771 620113472 650417278 517691940 560852896 88512820 30194285 439050685 819869186 144158371 515495268 488210324 630398623 703310179 867372222 454264590 988595974 24978000 744771923 250516303 405027676 791338916 630172042
207899455 767570122 842373539 54285196 210323296 483617073 838931096 593152281 384345265 302690720 550031486 898912578 109223257 486586336 789722126 82182239 939681813 604542464 494618232 493199564 723967059 873023933 874791331 911897915 346641635 905234797 844623066 204132549 303368820 415485740 442320339 960312129 614093466 506484889 100796205
32023401 345862560 797382404 899061359 570861475 798932679 461144881 135417005 34820285 976337170 3603372 508107957 876018542 385259569 426572157 46628515 232132709 267486440 668871251 875141167 505820322 867274118 633428451 711902056 690374431 968245523 313053406 242685624 384825771 658054888 624807345 645538871 597986741 505614435
770692399 699959792 323050634 264443927 765903767 337996896 365013306 65549099 556513291 885772509 715236104 445437969 574385208 985582180 882258585 1962227 132535204 907693969 721549474 221727325 855367245 454616096 941189830 32885651 685055495 633479028 33862820 296056566 27597096 342993153 23710810 871052020 983128354
731922042 130963874 672705176 304233597 867057583 866538277 90311468 652475569 994930646 945064983 767731688 451935380 692216926 338787442 697687809 977319451 347184443 525082854 483541249 431869647 729648526 182188643 956748324 311206716 844397246 650615739 876293704 387058012 703563057 123608209 81125909 701803425
977960366 501710937 838015888 719739276 350311605 416952067 711635079 3630105 280410785 973522169 161916221 457639844 673341292 568241552 760440056 262685108 954115254 447220676 583722407 641597142 702594964 189209702 548319565 584322106 797111926 602328158 618365633 512071878 710521875 490622420 794188262
809931450 531864173 200386945 484870408 959485532 995992620 638246577 194619558 214225916 635782336 817188596 325619139 514905254 368422309 290825295 392150096 285082144 714656427 70377354 609946060 921020838 892177274 56777955 431401089 429104145 980761880 284294470 700915760 697923262 660246460
515658498 127156878 31848333 339986068 758502371 13821302 408641230 660211956 520211520 49936023 173721506 856663122 968900415 386423487 278385609 576297952 574525156 791863445 748096567 814552492 350301949 605112822 694064686 934711994 475036240 666880157 383106267 182590327 448537828
127677458 911385759 15619700 49722843 468451695 697393036 761939029 867947871 560923645 771459382 171593981 27994630 71221162 598710163 958836586 444207915 704120622 963618526 285449483 29089661 613595249 721907328 118677003 976670976 798354020 310643195 487654950 987454608
554003197 677111632 709153026 562022375 181835508 902887370 734518389 654320277 271077238 431501460 163924089 556255168 399049707 334101956 48028216 828891328 925387620 635126407 831422696 493204729 114184905 635517279 434084301 21714467 437862921 481712214 903334208
294516816 952003172 922711702 741084223 357769989 507896246 821729049 615403869 706953247 521567390 467033813 194043241 590407732 130649988 779352819 102012590 92624319 421396572 174657495 249346088 960382732 94851290 997391869 136897506 895971937 672418992
947620620 641329911 727020162 540798341 862306566 909401489 234432308 982027406 243218176 253683889 818282173 173860726 122701641 345728697 443988533 160086512 202864564 508788922 797378370 368111977 344798444 512518703 893117753 316744197 138990311
71825978 498372376 130088392 152263274 345778069 300820684 82242027 41197156 764787606 900250942 494285713 895896133 588321761 614883919 144124715 689139907 353159428 202614537 299314512 782853153 664620712 276726714 919982372 85210268
859093152 391686576 517000707 411148596 138158731 946987093 166685572 441904583 977584008 954222174 737066848 508595318 805036693 910748316 961564323 24883946 841157336 246382571 439435749 316073032 852681776 630548220 229055719
7628252 431376283 365188622 299355387 344464169 368550095 672759075 150677979 438471729 197311088 208878717 821074285 345361819 569658134 965834631 445774882 833733971 19346413 408404565 454785069 876069122 79787723
210955212 515792177 469633384 116475270 857384373 92943908 614024165 406958026 460904655 430909082 781679598 498189659 638383976 582109096 605994329 361470703 561439890 642648174 828903996 532630961 677732492
711318607 684560793 354435534 847974122 461656070 882647044 539843607 126285743 486214561 812150714 576355358 367700085 413655117 442408282 950862395 784201589 460373208 513064025 760939998 278414571
458281615 400699006 64846528 703378436 124349353 134711822 390270191 818155684 390172558 843165664 239545665 961372161 424053683 803549244 649230681 718164542 886444140 65464977 41305756
432690900 468477989 501307270 342352923 784180062 448062848 894040658 704712429 183869543 392309412 957439561 836964359 905617196 15786603 995994463 669528938 963210491 108719122
947865619 652035289 141722915 997722288 286790841 388743427 464514429 144754102 855931858 31527720 552512429 548341189 256995019 521050654 209796893 183900275 758821020
632616449 220619641 510475939 347391876 511167672 115192988 438524036 988582756 27425417 274811893 771617946 49995662 249655959 986588357 714590223 755975730
715673763 21951185 726995807 489197185 997755447 276267637 381690214 577553543 862524041 149292430 506915103 829189716 68549074 220682034 203114353
430828063 864699278 437355556 500831339 322654635 815200452 895191016 15657104 100066392 840334867 907995601 489546698 548634098 819681940
725418063 352039449 884514617 244704295 758147994 554919330 24047632 260350302 918521143 110953069 294248328 602336595 627559994
789581990 286214242 546443565 39787670 823827285 894200531 455408368 688800168 128777106 593353848 115259187 621397587
132628464 368130312 532457649 66775816 965251001 286244405 592578317 598841438 80064644 161494601 308229033
12916076 945298242 926573714 907380149 407291560 514627984 308792725 399790562 700202072 953870679
46902181 596337667 43489488 181253483 197627554 500540163 2930716 705883130 931716382
846477389 107207014 567820899 829956602 53151762 91354339 374463079 916204266
257347268 949111679 785144187 284967830 741717375 607214137 579805764
857004604 443275959 954247636 412728639 592545163 188412711
827896150 661724878 808172437 446102563 178183635
533923008 713343800 56272280 616598088
11345182 518207190 562404779
478843279 163918382
