16
189138330 928608481 175562821 418322352 729295654 668966343 933609331 130282413 844913302 297663405 347895521 472884471 276907530 894329347 460817608 269408042
843525652 228279161 319746656 894619567 282433320 488875253 96158438 980861128 765156835 239068071 450511569 507577744 92146577 983246189 32541915
640599925 665987028 902121501 379916136 869233225 881203871 3058696 766558248 524906482 476660005 703405341 264739685 839293391 721634056
487454057 454799618 601428426 837054979 931489758 458323454 28381814 4413014 802171842 410795804 863055419 743471091 920993553
626210530 597440452 808501261 118664810 486581371 168970439 800298380 893698895 818153542 717315592 535479420 254295025
331666503 800289168 523529237 312672913 668942679 80431347 343418731 855753337 483951113 946586818 135816207
895822822 104581546 402654614 452125940 707447139 92231322 198503074 38907173 450916972 67330090
862495084 296064018 58841126 578736698 648627612 920621124 822680027 520614053 135045897
776039051 469364421 466070455 340405322 533066611 818446880 483350782 857125400
624283876 392938120 344590598 425110381 471031202 993280867 796775552
878936498 927109487 899368298 24543749 131458526 474662010
750011108 785991895 286647034 701670543 138609358
500379897 953227671 14723935 392425472
180496795 907284679 615317662
96735346 430365013
