16
125172229 390891007 953474910 789460132 394357934 848171829 683654589 557381458 23584022 451129470 674700252 18349177 712446184 558080500 645202348 642515746
251046133 604379245 529974053 16604855 554088727 478063910 482138063 689617134 911687319 838228168 868556544 531255966 168400937 530753503 851043017
547342102 143763198 679516410 947352915 521457473 569922478 516749010 916608211 898889445 653365621 333370258 578120161 965110548 912198732
591524219 827029170 310208825 661516247 504481250 426256455 771750632 169241924 101007404 161191114 145032798 355441175 410863345
749228970 203390192 55541946 889649394 730800017 435080836 979999385 837813348 463182266 303377934 180171532 680056768
589784372 827862959 529318200 641762446 669830217 150859634 314247854 273655539 151276056 738059935 244007015
476944652 420282791 184997636 238998559 130527201 495089780 203979223 812743553 899853574 392087519
221376138 90218359 423739269 987236768 951829612 739998224 938611973 918235808 874603462
197607631 251145051 613509326 725791523 18901064 235924530 109776205 345161155
726514282 233707945 160561096 128303196 165467470 355244169 18535358
199879910 488024094 177814872 868782995 22205876 73474541
313715047 871611723 521551168 7729235 231753821
740284132 58438356 769211069 576028949
400339613 21538881 953800095
760182913 660734705
