16
955574274 543389895 827826330 863075005 705617308 784993351 11651303 945650848 198652081 773581899 496065012 527328574 921614907 92574378 799047472 871959430
66060949 758932995 748056152 750276291 341445675 339308181 301889763 593027536 503918663 190552541 322085538 630107791 673988957 943681458 948934926
580921350 674639087 111374916 521300142 440865756 78411612 214518452 374898773 232259569 290965717 57215730 141926406 436068100 791663319
426646617 813309054 842311564 798142803 744724957 767072390 893160203 438896486 767165697 668929379 141150746 224348691 798287691
542906694 672045828 840621585 266580268 136293364 382012619 892866256 133221712 290989616 884886113 169441415 564600301
350811059 64122943 967442095 198413598 545171155 686380387 485110737 497115510 603785852 467679111 232515579
616173101 481743371 456708405 636278200 490733596 912843807 630535427 815269234 304282018 241561849
501432335 3837150 594755039 475951992 696337826 417168077 854886198 558384394 469187999
494282002 645440835 931214416 791856144 205095716 732737587 850282690 907280333
448698024 516314867 975372985 565533392 755895761 980127381 925724756
824278398 589212710 439864041 645645161 747757042 537644107
108430480 733796670 685360462 609714816 891350676
987066447 984820528 208847753 853669972
541783990 560409521 847906498
877818040 265816191
