50
296063218 882210087 316505193 210100137 949020576 395235687 246455194 552670935 902948580 157048004 962358288 45250817 534074375 490961648 637093085 301383160 846265836 488503211 896753936 527958839 883393672 68244340 682017492 877692852 693792090 862496073 197048131 345536289 557380028 211740108 296388055 599461947 62952628 372954638 445496473 673230464 157317284 929262981 858235755 597505116 869183189 808443484 793743697 730077282 312060076 654776536 639008633 171575155 681445020 598093489
857286919 606392865 629822182 776875860 600915746 557857637 74457583 635139871 923415602 883660155 799853758 523805032 650839114 712579939 11238850 665963027 88794987 288904230 40708601 517119207 247313256 556324174 576826529 500561543 878562044 544725775 875868252 633195882 81846395 426752462 577328258 896300927 910289780 710356022 66238092 954286248 599979812 489565152 93298135 573948057 691081653 469895693 221208451 789689988 390488497 941909811 919788942 125884254 32038185
117953992 157124634 943419120 111651381 352461298 946879237 729193563 589123450 469348915 399602574 799408970 367117587 744883011 117040379 965440902 297583496 293762159 738464066 154954670 820096572 549104498 980760472 529856141 363340968 876974406 154671748 738855234 62190764 775726135 408012882 75634892 611250695 464444176 469640053 794980987 327647532 757773840 679401787 173464126 553551273 233772458 866572318 695777697 228297266 964178647 256827975 718890228 902739071
309876073 774048337 724904098 88971653 614596097 58938375 581358858 539242130 920949537 280226725 880428530 167851735 159223974 857473237 993559766 213224737 283275789 362797406 936707761 513175849 551354293 904478651 558651297 723848124 193384469 615654654 539024935 282346006 379870342 285243666 767252651 15976221 574715501 963678803 35458161 223480901 216653509 436749250 719797470 528866396 689649161 676535883 465531574 801064646 932912523 444245185 310589486
142391293 226516422 883399809 417677710 794081324 302719946 76572757 718724240 293659142 255177692 166658610 542191340 706435525 737060985 214306281 563045973 15567293 709354097 652867245 915824960 487248190 692386597 777254519 845507734 46693844 617503222 28666854 851886010 990222718 488386543 992488545 766921331 204250116 155278882 777636917 660434628 356824999 254063707 205851555 142507431 996078885 972830542 945682887 524623641 771480668 918764275
569531984 812861782 479076356 49263909 364477875 757177446 355689437 660092210 287644943 955513227 366862908 884607873 39421535 696759351 307206305 831003074 507021653 502098206 244133815 10312138 443775824 39186474 310622341 888593593 10851918 186841163 484216743 689944607 921849652 569366160 627657850 175774318 926840246 862235889 221715848 255990583 166531361 568804745 465023404 770337793 598385176 846071733 557797962 709205484 583714888
304978558 727614918 604653370 604981593 176596481 433360525 109532396 616208406 846429516 505472121 822099303 938865929 642913197 249969315 98398327 541771152 188383590 143602384 878072313 511412750 608960972 13423076 786287466 935211893 187931766 903014261 625744517 197806837 7865730 544404712 739436619 822219536 353529693 855435599 39122487 883075599 265649665 119602264 742617293 263306646 602602018 334330913 643336397 168192573
544582569 853051771 995289475 705095874 430549019 736235549 246695229 952170551 869878665 682747131 34850992 113729007 827850069 48728031 99124256 476726972 170501094 659300387 193968444 784153251 72161074 769938800 854455607 804844058 643220124 489229449 581406847 626743699 339568911 642200720 765976414 643270833 120906664 120636144 431300007 30516534 405640582 69946730 247915014 202775457 769184034 236792564 991969836
91902923 608757621 686535539 277027921 325457030 469996158 553089349 109295207 583154075 731742530 887938634 968599839 346817266 855802021 777904057 319670397 907579079 466751133 770379689 87674152 184075120 994940822 595213338 115625713 14953954 75254734 563225802 477846321 443001572 481836104 548959339 883750562 966527177 462188580 602341424 65821558 821881477 395556385 67697126 396101976 790457478 170877241
499808639 459924465 518810447 274493973 974247163 7655019 633934579 360258223 535788106 928378890 894812670 360382434 337291089 814009269 258329199 313608070 527194683 185591708 42270214 399373931 770570305 427934563 678063727 70806690 255266422 559207473 245549233 226143616 936185791 172539243 516433291 459083929 948668269 851309648 939809059 8595922 174776641 427979639 486904517 792300157 934584439
198361172 913758378 540064831 656879077 133090636 151151218 469085176 279251925 804634702 417314617 801807027 557417795 364798099 715727700 856968115 89279325 783972237 572661447 167261780 687736293 431020040 529787964 655052435 330866846 749435710 771095987 866586299 464100125 589133767 553126325 797642576 843763125 551108453 507008687 254608397 507138030 395691056 716156244 816977827 422241295
709399617 231136364 628218692 947583264 268911606 279725993 235686483 894626406 773287534 902822029 96133795 995945209 480177844 260679961 495001193 285186649 501120118 962552141 150080063 15166933 100571446 421084766 305883570 921507338 251945527 948241646 448798213 142438661 32317855 34712394 663484183 267504517 538485152 920691475 563063053 421055227 952442982 74832370 70231384
282422705 334680405 663635303 459799547 295370574 299606764 184777441 715731289 531691027 216641802 353099011 444140606 541538941 869719592 67045167 327728753 860058501 466486589 728275365 393624807 910192645 145628309 416781019 313443364 8409226 568029757 252076367 831131603 740161351 874022144 977594394 177562002 1702005 568903677 464374510 645024482 211297646 819848429
252695036 386708231 871303697 908716395 836829293 483602316 903413669 179763243 199804915 319888754 837527812 308477037 874380525 628886364 51299416 250835119 12931413 546764247 471377578 759441243 603195820 183177568 357309634 887022719 654284959 170802805 83190026 562385020 219245144 205023806 686993936 434790229 345601817 629867908 907211370 109822354 171042025
82978963 629670970 314980441 109531548 678144689 483792185 571848086 285597600 772055318 580301894 27935811 386650362 172058982 552841829 391956601 249447841 541808686 9884262 444539478 709095854 284223921 27011493 519980430 338994333 357070344 444977862 848851286 420712860 923379549 680831131 243999394 527032653 488428673 278678940 613825647 6034051
64733530 762872199 359426478 644238729 292090575 751505296 766712815 37344363 822489684 736032513 770777047 997323078 859899908 771435069 91861201 521222836 190547271 230837758 153958314 439053349 451099227 755057049 424999642 10278655 456050581 728013320 398651621 709224461 273541764 819093131 133483237 30338000 492047213 262806144 877103670
648096730 434226200 416007367 740563107 828279869 223724769 55462029 475145699 430677007 689567775 272888068 594035653 866834220 975297684 233000683 112584509 883710520 12816457 149398523 860747320 294329249 212010031 915153866 900466382 645407580 880686064 432029583 594473102 60142264 797811421 52310139 18217095 71204437 199168971
996723899 515825657 792437873 32796790 422389986 807445534 218647830 76794 195156958 101917574 984808271 136277732 367673695 546712738 95543267 44028526 720194489 460001046 903112232 902838340 406204636 87239805 434063931 340989689 665862252 341839030 153941116 524425010 247071420 852634089 962749707 900017767 745542461
105052717 462338701 222962337 285313258 718340141 138102741 498986443 541385737 813335907 588866676 749384533 400904620 541006106 471854274 645610734 238746478 199833857 89278324 802302928 531155490 618718971 323069018 670033602 446321582 447179683 665648746 870839857 199224808 259716435 35961026 7235038 508174756
472984904 88478085 47622987 602630702 763838421 923975964 225852983 175675178 28691512 219576153 927069021 368636814 791598498 96306956 604944957 329966604 286239994 832317226 411443398 470059314 860903755 43961758 3829366 365897824 919030600 933710876 327931852 448602678 195616819 867791193 885273817
779148376 925710274 638062652 60837887 330715941 590770248 358742557 277023294 159260164 638576581 990679006 77978494 902081192 872543432 258352115 439054324 237119772 697144045 586997954 391085825 887455487 959954905 483801958 6798376 845424422 610851397 864071498 385572652 993572942 72099669
435826789 471678033 564379785 306830130 907613527 689764063 171437050 397851832 973615230 204805709 748556472 640262048 749749403 217442586 167731833 415750156 472954302 397992900 827188706 490723862 303667890 236078657 825154530 885098123 57539336 873434163 456873572 189622495 620139379
469665226 682033691 515905903 701154309 338061616 451274977 822013096 921374734 917646141 684730965 77042385 1301534 512632093 440638523 321495811 58638951 683422125 175945144 343360243 262708902 202483051 118322969 781471789 853075301 991654696 23582239 921734572 131596515
579572590 945111849 65911948 238653194 182269420 220170089 772937146 838829624 747569324 243787703 17509583 6986247 157818091 707624779 112221722 968610486 677024929 438652047 520305680 688749620 594202972 601651839 642859579 317493847 443613803 149918560 429310119
296864450 38325368 672847842 335385806 742834198 3807642 323028094 356839106 158425827 400689617 807411491 646853823 17708606 193080348 94723877 448858034 756425922 360775436 720425368 135377812 618137040 119947015 595120668 498774965 739924261 392844065
123621262 47283413 676253629 157900667 47089351 124160497 74203960 695184302 943429193 462813987 64032219 223701863 735316709 83761750 930359617 284643865 405171435 983553839 968689823 171909042 601060258 362630925 872271054 81168449 811187698
177773700 134530521 710103609 132554948 618232685 62839816 989065120 775089340 882582458 297841817 394063898 201670146 949194813 614097800 664216808 634104760 717477344 774747991 875074995 37876489 236010839 948074234 223923562 789986616
10889448 291810179 716310066 347841102 415334978 771815375 925662101 721805870 160005160 244184425 310822949 136922604 108950744 639531831 583062593 103579016 707783770 462268458 479022598 138395639 948228285 2889756 594610533
341237189 141167535 246339743 413170052 838673683 912637567 218206925 838551169 514108421 442694076 805442696 654044084 487980534 214137911 418430382 825248395 520890069 862655672 557343606 951283447 327405808 232216387
84823428 12554720 92427346 675975844 953726906 400828730 104490841 458476997 501751 273523147 395530143 20025812 387162175 146303923 958462470 39658057 665581012 697128374 223583874 633750490 699529072
115575631 412058004 585439190 231466406 327507793 80615775 139652264 384906202 674570675 866941852 97379812 668267499 476186065 356509168 749614484 991878624 91319004 668340554 283555936 361869860
243750657 836102448 632514373 341184233 555162962 968122457 383194464 847421229 356862350 523917162 301237825 262342677 758409544 162513168 777984432 570245416 582210278 52056752 25124747
350909708 42896182 178659244 2017885 625663035 402991860 182781424 448806030 632180111 820496423 37156006 659478814 332341813 147012382 298375624 332523298 406725365 845603954
635819138 304487211 32386147 978326680 658682540 991155678 853546381 163208060 499378710 278691309 431834723 401888825 255654142 36022542 683326813 18611762 286118875
708994821 266545916 611077013 582437890 790714519 737363501 567402052 770999888 458425056 491905397 937687543 285920937 41075412 747258779 450997439 53992136
231182885 930643361 256050643 500107737 454447339 195465611 732857695 207146468 192726812 84514848 183615494 884872518 949444918 696966802 553296034
651026638 477688301 528548768 159928818 92799339 23851101 347314734 157061513 877514117 274996729 915712610 708994657 503445114 164585551
162949701 39034642 927341613 982364107 114192023 657185822 709148729 132765571 848279397 123946515 365617791 998214027 324221830
377774321 593050285 626147131 526584180 717568886 896372600 848685676 167486133 517895007 837346908 478464270 790676616
891654395 801989717 438999018 191523898 723221126 54308095 568412261 105005572 241047365 225066092 823624408
612586865 246082111 636760520 494173693 490200445 41276503 511241361 909072691 330077026 876737362
183306491 595041095 283835917 610756251 282366584 501769856 814783223 295102758 989697181
307601531 77366369 85558397 724923275 158339204 422412247 252784182 70372127
76093828 506359660 395436895 805162547 114851880 794376621 358874774
662298487 414618536 833305533 480814253 689458104 410751604
516037875 403301787 249686093 52951255 445421628
888801444 258836847 939279692 8420199
551901489 205189615 559997949
380457021 191699228
