16
129365070 755485871 419443502 197231348 521780028 436800801 379225271 603950140 296503422 52729056 398804172 701886645 253311689 582688222 729048278 334514935
428610869 874396877 397538171 772573244 88400748 839993343 751335197 30031971 886934214 129989063 917982900 510779666 671005180 435669201 42392898
654332259 467101874 799201994 531632552 148877296 641510397 561993434 224215364 84326369 591661831 723567998 270982208 65412110 271422736
111850786 425469908 826900212 410912223 811414446 977266172 441824546 889636162 663651152 700489295 65561644 211006285 832921835
556890992 786383457 485674430 372041899 802791691 393003035 786388502 172520969 860086218 561356907 927023239 977750628
453404232 579531264 7808312 720199420 179809549 943669000 996145305 9914347 13089141 159491500 492026034
75294669 669913520 959809328 678899619 201953501 280263489 597077862 722922318 457798659 920507084
434946107 96588999 357723267 870420170 667768631 120427427 865465848 181476189 535953836
717044139 824318866 52806862 726993405 939977636 884864680 398296031 681188001
844376084 970506392 929268183 131022184 86574188 171101673 817170623
815689238 426726127 629747099 777131542 89901451 988632294
232417406 605404065 246625814 633338433 765357863
369643391 712775897 483455556 243138669
930253046 951954626 863737095
769785664 562180612
