50
38329902 478123682 644239972 954230546 537897994 878948865 118404738 784312562 782710801 399050401 538103324 594651800 229795790 349867775 404131948 5781116 922383982 212048459 837899400 492168268 615845987 47645450 281460452 348109236 45107816 987038807 53348565 744715728 831651653 202847688 346091127 117184629 293138651 266885707 233829432 158969841 669760259 591877345 528120250 201462708 851625699 330895563 59582828 324029757 429891833 407097497 328936383 470883292 924293418 705739207
856909348 412791201 983019514 907961964 885309576 376267232 77726371 606297725 993500956 199903943 87525286 830331696 600417983 978393771 3848357 997148955 649704698 359273655 296713044 125067595 255941820 420733053 199863848 571278978 21579593 539903484 951374527 466599381 84346627 191456227 995935920 516347045 965401637 539310711 175248129 444806896 710900903 447018632 492736074 48460285 578347715 762720787 41223606 158005239 917029813 643336929 19478988 318640891 754807025
959080736 474664265 757786353 220259578 269406548 936402850 694577171 215055522 102716451 335235561 884796074 616839668 677758180 252577229 820218132 989291785 891534957 649599988 896034020 836171780 569942011 915531243 418741994 195251380 927013593 92922286 481015174 839405003 750921398 164700573 511503454 889106872 451683547 408906991 718681345 874162980 840225093 693250390 556584312 233118197 361294965 299819273 541834923 935487793 76669472 279197408 995172707 496741004
171650854 353929944 462397203 111772507 323427952 54565870 401233844 330600106 764970071 348298742 899016208 92689564 662658672 585531558 671023141 261405420 580398221 398004478 549699777 502631902 173902915 323337221 213953666 279519894 319372181 510684982 154510315 620181060 786816923 635011583 429716655 513342568 688922706 593566144 161107625 986003936 638778208 437336120 221592987 126305018 956334758 915065117 192543235 63821046 390510547 522311796 858770991
161088774 146038763 715333225 560142990 181476548 453169905 995016260 881619739 762009388 509916323 332369593 761432331 929597028 51242222 519962808 142214748 212410087 225978083 211923384 876230255 241983098 390079828 952560624 467149885 553708212 107995007 875265553 530268733 134708204 839576645 741535150 195724765 594716203 146572883 577398638 680381743 157480881 715722909 986214404 991400090 849008396 488904119 742203574 502223646 878498229 809488336
515812654 747059102 917679648 193699836 537841472 98478074 753753008 227242571 759477589 579439284 847902448 952736318 250939969 51149347 564972823 834604808 132987228 929006746 489540249 464598866 230711963 179092631 417766036 116124961 686002904 736057759 497785732 257420398 670796526 921132977 974794311 743120947 992774008 797924428 140757692 892736015 941298410 210544960 780051332 971736206 716603804 809402775 826749136 957124695 272830878
755540758 399004720 8318711 206378670 307797766 353141822 285182589 57776879 501897241 260872742 393167388 13695545 264057953 322267322 948143225 376846691 454508052 19096279 413275301 9653753 426798199 297694457 994178841 857550206 945877596 806774097 152533626 92343702 673745876 799699646 189226619 769597551 163086348 522745842 886581712 320222328 45737845 470726846 490278684 175461697 27603919 9108421 549731918 514440947
790415429 69709884 23291802 658385962 361086796 42637624 232422129 726402154 625300823 725522188 632484150 503902672 387461259 828091546 881955005 134086505 700561959 486577348 878789360 340739063 918013664 163579445 218560279 511630577 189671902 152606564 281367266 753640871 396131984 653653107 632499523 355714358 296307290 69678042 108201892 963380642 243927701 129794730 357085148 64495911 77479938 448904909 255746094
744817731 118822457 192043667 284089061 260596651 198871903 369293490 734526741 187968399 794351852 169427477 454035586 787098003 796258030 918801328 583377450 666923184 350136980 830183106 134091583 850094760 171267436 234210490 502180641 170279437 646697066 986126494 521874596 995053664 408506087 423470200 463568047 717599232 595460534 773055108 518668315 225266827 529419622 223702734 229340357 124435001 560080121
97187227 344391112 543590674 976489192 385031388 478706757 44406449 558116367 261344716 417363574 216043690 185142436 148311867 268470872 696621326 182638030 189002559 515569626 542857418 889979544 902660575 888789333 232898993 14792135 835755449 847543843 726859773 61959031 770202506 156925852 141814434 566028683 665630764 455613580 786148572 744726933 726238830 703974918 211496755 588567471 21891313
602144566 158237502 843653605 297273362 585622125 233482362 800502355 225941973 453202827 375600143 13550045 180062630 912967324 431872889 703277998 268305480 772702273 591342070 851460657 893967406 23766555 430968009 562962126 260614684 920457170 565126154 10113346 918149681 925232150 840546243 18981186 227648643 817257650 835308215 435430701 191254972 354037883 908695731 648329283 614110847
977942932 614113729 341405272 378191485 189855580 160090919 882668052 212566403 766378170 758067763 13702456 352937508 246764222 100950082 455473141 691805260 397222607 836304663 811575012 922720128 628879324 205952739 396193776 330680185 159596602 655457476 554492771 718386527 972971244 594904060 200366914 135209085 147642526 727056078 480948908 536879067 904236177 291683130 98389927
464077674 591346031 465748950 551626714 866642409 654647884 377054517 484780590 334627045 302467163 120242566 78056017 791017124 42592988 84044249 7555922 740594781 450538866 532839670 215714149 486601865 163113538 417218551 348021627 93978436 169536705 973074777 412074575 521964359 590544545 236944112 90713817 296504415 941614289 482370392 705625927 882846967 993395405
120069242 209035404 829998072 809581682 85974794 698126255 255456155 466294841 430777781 470988260 24681679 587297716 534652942 249166131 542084716 878410601 703390569 932187225 225411135 114897874 481920836 19949493 632132683 919287435 458179919 45820860 840308556 7580937 322505103 246880105 796681322 222928867 394524660 492910185 363921145 606259699 469958994
904863423 472133321 614554428 42920083 925989274 903792240 312210142 53631935 890429114 885953869 751337393 314127756 539637095 512862884 766294814 949984741 893222201 856743683 222462307 491689568 823848451 558308625 866135407 410029167 689330466 161140591 345181598 209079723 249219970 596604538 481441625 486161149 886791216 131163312 638609620 325355270
418181578 265226140 8055190 649819086 202970972 458415589 515309379 463326905 432897874 775529055 9332915 844266112 857864588 47552156 685657949 313107575 334797799 534491852 592912520 662343092 176246017 434531962 771267536 988568667 958022661 277012057 231626634 156533760 738864513 611151579 962070545 745481185 899928279 395995730 163026937
701679775 389938040 786877729 283437192 650357377 226512145 798989929 778643303 245785316 357367448 496834907 651146290 397962983 53083953 323883138 280483811 647644352 846193346 791451084 559954971 978638016 272044636 405075128 203587906 417955906 245845969 373537060 991611618 496416640 929804403 802960118 362896592 655975401 256041817
172849600 962403111 526750056 727338308 734959413 347856446 771647127 922868524 848622409 497215793 191294746 416785367 319770742 724503418 790110043 129212187 184049710 533532541 670992984 619858170 584396829 555924032 933661312 679457646 261836323 369632777 358472646 949135735 285366814 268568587 935536307 802227233 250552174
235824557 182120693 52274558 323718973 121061215 511387668 520074301 506425796 595480360 281643868 884277887 611751597 568732874 265145284 921076562 320199933 938090005 102802497 648229045 133650627 262660237 151810017 336845968 239721430 969810694 424373400 322838952 711234439 795776324 243593374 439273090 507591885
431657873 94705444 300041308 249225631 406493758 129116441 930159962 75334389 343248424 612338097 199376717 970101597 871234634 103391752 530885334 927618054 555293144 566107792 433321593 529662715 732134728 254081048 389099679 789185660 236391994 753115569 973271427 517160275 657714261 630875623 799940833
269482743 647713300 45474465 694608405 566686544 122798223 885168001 995596976 86965175 739599792 346298441 623109655 752993509 594501036 67323268 670963735 23855694 773027924 335878196 3717741 386809769 321053522 487147795 279692390 312804772 478976928 40435867 358655939 163012004 536011880
353172185 274013918 646137248 149246004 587240661 793674537 312123883 741209804 39810037 764744831 109770718 521671044 766492800 867212299 96975670 711219181 958416718 436142584 877984051 77984453 621549965 817147258 80308594 217110620 295721198 453836432 619860930 917064723 937571827
121269692 709986144 918271540 645706165 127722349 80265274 331068847 167225363 176521273 572144237 273715727 543921335 705605241 36867729 86207963 537683865 823588536 781306327 648277157 834838839 434080261 943710357 115937134 697450082 838915195 819181230 646092139 434109898
151415303 501600356 970548363 34865049 344230483 26243097 570911518 784370961 790868554 993682875 268582412 184906183 785840854 396668748 322628582 663438402 635954090 176371816 566298600 257556507 412031409 520055610 392558780 948238840 127972302 615585589 387797632
564899443 879554884 462353588 556411948 881335622 621765793 2931594 868407606 929848410 632550979 98134557 413021665 326389156 748104587 136369953 637413445 594893175 215391215 19808501 894742827 760025719 906390859 812237291 580201267 629551805 451985172
220077361 529553363 546221151 26340779 188732012 355417730 425182334 724291046 559764322 865458137 460830047 930912263 772570667 15481362 697142557 680928888 837514321 217234069 578657579 993117786 67466376 876418067 356192513 696826194 950648088
427194726 578609750 706537870 796812176 856319690 817657119 317029573 204858351 69479676 536815240 850835408 482267714 680888806 3490105 953562243 634122919 338012386 245679204 865170091 982983440 476228398 870181633 784131880 297943798
873637909 86803232 787836282 697951046 21620460 975753928 478725808 797297690 52096760 503091191 450209801 691523626 606720972 498228278 748536980 209605225 87002354 631321964 965060486 643395499 65874852 30395270 538135331
352978227 179813577 544905798 590245853 671252017 179088465 963633072 304255153 90571970 897370093 821628140 115182436 372147499 951494028 593753692 988206576 632427696 237939771 380644137 57604159 424573283 446355402
54417853 488379470 320405748 690865025 35809644 17874114 913052173 803245355 916004689 874842201 509723228 314058464 43927638 503136607 227144587 787917544 853501757 182450284 892515786 930489789 358354576
237868888 365768591 855910462 153328346 785217647 375990450 564837116 4104983 148885011 236441743 534262510 233616588 766313472 211301674 104427780 693375766 134231422 766141331 170119908 469234571
202526011 907129644 69433692 810993774 846626924 556380088 275680369 613177886 33373799 645929856 968109353 93377535 909677407 120690320 102173374 273837663 656494306 464125770 687438844
727577738 658915114 120969423 812072336 76630628 792649598 373527933 330583981 662282457 766539103 599092579 776661092 382506867 152217360 982586156 146271353 239932277 457904819
269335205 544884476 581657662 773030367 721443427 575244376 453404261 891932000 904452230 494699138 62874164 901836319 535948010 972316606 157328458 232581761 277598154
983906155 382176086 476457019 882705198 754003463 935942162 303957722 611187992 992588537 800360225 360511079 974929827 507974749 862398969 304250851 518962985
725040624 43907711 482024240 840365253 389403834 750820206 26210228 842857622 838924005 52757378 180495521 304901420 159329440 700079289 850456752
438902953 641100085 972857826 188013896 413618167 66289533 543728557 667311251 556941916 810983995 323989386 872839725 460747305 13024489
804336358 76417570 781729159 260744483 480923073 442146269 716218208 943581741 568787382 900440439 478602789 283056026 579030335
769838849 566572162 128841519 50018966 318395362 790823157 523672316 192384281 807345145 437760995 984221429 508298484
774057279 139045866 14295583 33750215 359161184 913239684 961806050 667894332 378838359 941574489 105225875
480692955 278073741 582052120 777351392 834970532 520588609 834379776 608895646 561162720 849497688
73303504 350489179 102526351 306661529 894608135 980832733 633487277 443993030 804320976
119112712 684300578 436254534 120640858 11606090 98483377 396441167 255693160
748067109 149224619 990392407 842656573 505103047 802159956 611097708
377133356 977717769 521670416 610965818 474328755 993332674
666513299 385007386 420851901 817299327 4335507
559444921 475531422 503313682 614842698
745026271 630459791 332642366
915464928 665733093
