470 480
2 1 3 14070046
2 2 4 53941016
2 3 5 98186183
2 4 6 76603146
2 5 7 42761994
2 6 8 27486407
2 7 9 30510101
2 8 10 65197203
2 9 11 67312042
2 10 12 32361923
2 11 13 27812335
2 12 14 53850774
2 13 15 65127294
2 14 16 41382228
2 15 17 45916749
2 16 18 50192458
2 17 19 54450768
2 18 20 41853904
2 19 21 17706590
2 20 22 30030349
2 21 23 51891589
2 22 24 52481467
2 23 25 41318402
2 24 26 34920770
2 25 27 48872809
2 26 28 47049694
2 27 29 10253031
2 28 30 46264431
2 29 31 70643842
2 30 32 57368306
2 31 33 64353248
2 32 34 50511238
2 33 35 53437154
2 34 36 82312261
2 35 37 87858418
2 36 38 60155289
2 37 39 62873829
2 38 40 50081290
2 39 41 18833400
2 40 42 43870388
2 41 43 43629924
2 42 44 28495227
2 43 45 55076990
2 44 46 78055380
2 45 47 88164539
2 46 48 49260623
2 47 49 4979434
2 48 50 42166901
2 49 51 72343791
2 50 52 40837229
2 51 53 12319199
2 52 54 5903803
2 53 55 16728941
2 54 56 24491062
2 55 57 50002382
2 56 58 42712128
2 57 59 24919992
2 58 60 35651734
2 59 61 30603820
2 60 62 48799314
2 61 63 31946224
2 62 64 22015129
2 63 65 21823025
2 64 66 2945891
2 65 67 41380381
2 66 68 46756619
2 67 69 54306418
2 68 70 70257392
2 69 71 45145705
2 70 72 67066040
2 71 73 61795821
2 72 74 20329720
2 73 75 51802983
2 74 76 54862561
2 75 77 53460819
2 76 78 79647583
2 77 79 43716634
2 78 80 47665341
2 79 81 65465135
2 80 82 30979338
2 81 83 27958656
2 82 84 35297659
2 83 85 46377918
2 84 86 41579183
2 85 87 19283127
2 86 88 20956860
2 87 89 51935807
2 88 90 95052806
2 89 91 95367516
2 90 92 66015657
2 91 93 53275317
2 92 94 48489498
2 93 95 23636700
2 94 96 23955735
2 95 97 41942766
2 96 98 64259122
2 97 99 37866529
2 98 100 26631068
2 99 101 30701216
2 100 102 42853231
2 101 103 74509977
2 102 104 42825513
2 103 105 16763149
2 104 106 29074485
2 105 107 21040914
2 106 108 41776845
2 107 109 48626558
2 108 110 42794972
2 109 111 83133722
2 110 112 79696788
2 111 113 72248413
2 112 114 78147044
2 113 115 68099485
2 114 116 66218080
2 115 117 43886546
2 116 118 47650654
2 117 119 84966585
2 118 120 83437127
2 119 121 67900252
2 120 122 35286558
2 121 123 44466889
2 122 124 62487899
2 123 125 26766686
2 124 126 23208363
2 125 127 27131034
2 126 128 51952707
2 127 129 50102018
2 128 130 56237991
2 129 131 96227596
2 130 132 90713860
2 131 133 59447219
2 132 134 56189281
2 133 135 71117151
2 134 136 78517099
2 135 137 85395594
2 136 138 68676187
2 137 139 33743537
2 138 140 5842328
2 139 141 10964008
2 140 142 43141510
2 141 143 61623679
2 142 144 54644741
2 143 145 64644613
2 144 146 53013068
2 145 147 43235599
2 146 148 34225750
2 147 149 14342682
2 148 150 8938214
2 149 151 12207270
2 150 152 52199104
2 151 153 42989822
2 152 154 7125172
2 153 155 55412509
2 154 156 86155957
2 155 157 56731625
2 156 158 30619689
2 157 159 40446957
2 158 160 57856222
2 159 161 59238999
2 160 162 40685111
2 161 163 49014241
2 162 164 72324425
2 163 165 38053948
2 164 166 30311959
2 165 167 50622090
2 166 168 54271805
2 167 169 56615567
2 168 170 44378783
2 169 171 39893985
2 170 172 37042460
2 171 173 54297532
2 172 174 72775527
2 173 175 36757472
2 174 176 34053759
2 175 177 74731695
2 176 178 80017136
2 177 179 56489604
2 178 180 21622422
2 179 181 48726769
2 180 182 49595654
2 181 183 30056905
2 182 184 50601054
2 183 185 42611669
2 184 186 22872556
2 185 187 4240663
2 186 188 14671746
2 187 189 57920644
2 188 190 67763296
2 189 191 47062420
2 190 192 56674389
2 191 193 81979104
2 192 194 63795919
2 193 195 41302854
2 194 196 49331661
2 195 197 31645485
2 196 198 32735677
2 197 199 72799520
2 198 200 85216282
2 199 201 74289102
2 200 202 42744417
2 201 203 22851011
2 202 204 35600219
2 203 205 46089887
2 204 206 37777283
2 205 207 12818953
2 206 208 7969138
2 207 209 46903386
2 208 210 47912157
2 209 211 20904325
2 210 212 44848180
2 211 213 50432228
2 212 214 59668885
2 213 215 76416302
2 214 216 86926763
2 215 217 56035653
2 216 218 25050113
2 217 219 26723967
2 218 220 58766370
2 219 221 93755320
2 220 222 64839529
2 221 223 50542110
2 222 224 43956163
2 223 225 54919079
2 224 226 64577195
2 225 227 24185602
2 226 228 35207530
2 227 229 81752181
2 228 230 60679552
2 229 231 42477058
2 230 232 43174844
2 231 233 54484011
2 232 234 54144448
2 233 235 42771887
2 234 236 59638036
2 235 237 34204387
2 236 238 45538613
2 237 239 64477590
2 238 240 67677271
2 239 241 55092163
2 240 242 50036815
2 241 243 81542745
2 242 244 86341576
2 243 245 80159335
2 244 246 49503442
2 245 247 34055233
2 246 248 56456906
2 247 249 45704905
2 248 250 39974516
2 249 251 78411064
2 250 252 85003330
2 251 253 71567557
2 252 254 71852852
2 253 255 53555533
2 254 256 64546978
2 255 257 62676746
2 256 258 42136779
2 257 259 78060022
2 258 260 49674844
2 259 261 47956788
2 260 262 69295255
2 261 263 38526865
2 262 264 31514252
2 263 265 28911961
2 264 266 43412699
2 265 267 75144860
2 266 268 76676204
2 267 269 42725947
2 268 270 59186591
2 269 271 95772278
2 270 272 67823185
2 271 273 52867680
2 272 274 35717332
2 273 275 7644555
2 274 276 13683747
2 275 277 35650135
2 276 278 65787079
2 277 279 58184219
2 278 280 68752150
2 279 281 81884922
2 280 282 74516727
2 281 283 82396937
2 282 284 53113062
2 283 285 43683838
2 284 286 54669194
2 285 287 55752153
2 286 288 36178845
2 287 289 12317065
2 288 290 19408405
2 289 291 46556208
2 290 292 68673450
2 291 293 36420392
2 292 294 50098295
2 293 295 66919443
2 294 296 24920524
2 295 297 37126329
2 296 298 38204487
2 297 299 26972797
2 298 300 29396969
2 299 301 19167907
2 300 302 43932499
2 301 303 34979304
2 302 304 28084441
2 303 305 57745845
2 304 306 80030322
2 305 307 78579280
2 306 308 39426857
2 307 309 50665217
2 308 310 50055553
2 309 311 13922298
2 310 312 26687232
2 311 313 54560172
2 312 314 74872781
2 313 315 68716212
2 314 316 62628476
2 315 317 51447082
2 316 318 38468322
2 317 319 32701394
2 318 320 20062048
2 319 321 29891080
2 320 322 31588310
2 321 323 18473648
2 322 324 10179410
2 323 325 52479486
2 324 326 53692431
2 325 327 30143666
2 326 328 28934869
2 327 329 4049296
2 328 330 49902628
2 329 331 98337724
2 330 332 65917557
2 331 333 21777650
2 332 334 42226637
2 333 335 62701783
2 334 336 47270157
2 335 337 42737069
2 336 338 34448360
2 337 339 52654007
2 338 340 58038157
2 339 341 39170415
2 340 342 40152229
2 341 343 49554864
2 342 344 38103621
2 343 345 13965492
2 344 346 29937634
2 345 347 48650882
2 346 348 25834648
2 347 349 16745522
2 348 350 46028305
2 349 351 32237298
2 350 352 40474213
2 351 353 70539715
2 352 354 35363730
2 353 355 46949679
2 354 356 68551203
2 355 357 41465770
2 356 358 28711238
2 357 359 58963033
2 358 360 60092811
2 359 361 29972924
2 360 362 31742629
2 361 363 24120346
2 362 364 15108241
2 363 365 27295732
2 364 366 21585755
2 365 367 6447091
2 366 368 19088351
2 367 369 46471037
2 368 370 74697892
2 369 371 72856836
2 370 372 63760545
2 371 373 37750786
2 372 374 23099180
2 373 375 26290401
2 374 376 31418711
2 375 377 60380388
2 376 378 41842234
2 377 379 39489502
2 378 380 57036357
2 379 381 58848244
2 380 382 42298875
2 381 383 42668319
2 382 384 80188663
2 383 385 88972650
2 384 386 72658235
2 385 387 44374437
2 386 388 35151988
2 387 389 56216688
2 388 390 51661747
2 389 391 28048349
2 390 392 54825180
2 391 393 43641776
2 392 394 21524215
2 393 395 35129568
2 394 396 53002720
2 395 397 62496240
2 396 398 58213518
2 397 399 31063370
2 398 400 18111698
2 399 401 54115488
2 400 402 50840317
2 401 403 50202701
2 402 404 53496080
2 403 405 46267951
2 404 406 34960747
2 405 407 28910318
2 406 408 24907590
2 407 409 51839971
2 408 410 98168575
2 409 411 61592212
2 410 412 37878077
2 411 413 30714056
2 412 414 7862953
2 413 415 46299475
2 414 416 86383703
2 415 417 88618974
2 416 418 55268624
2 417 419 47891509
2 418 420 59551826
2 419 421 50476003
2 420 422 30689931
2 421 423 39009024
2 422 424 42670011
2 423 425 22125082
2 424 426 52607437
2 425 427 59219169
2 426 428 43498412
2 427 429 44832906
2 428 430 50290953
2 429 431 54755576
2 430 432 47394678
2 431 433 24775016
2 432 434 26952601
2 433 435 64492883
2 434 436 59043782
2 435 437 45729238
2 436 438 53701472
2 437 439 52572160
2 438 440 47360672
2 439 441 38920978
2 440 442 70827098
2 441 443 95993055
2 442 444 68400834
2 443 445 35312279
2 444 446 14914590
2 445 447 21537877
2 446 448 70574607
2 447 449 97026672
2 448 450 91705968
2 449 451 71813268
2 450 452 51384977
2 451 453 31480637
2 452 454 16817978
2 453 455 47327066
2 454 456 45060046
2 455 457 15871724
2 456 458 33727151
2 457 459 53504728
2 458 460 41051261
2 459 461 23688800
2 460 462 28908379
2 461 463 59560587
2 462 464 80182613
2 463 465 66225110
2 464 466 71377318
2 465 467 74375965
2 466 468 60197902
2 467 469 38513959
2 468 470 46460468
2 469 1 54135697
2 470 2 25429369
1 293 295 66914637
1 429 431 54745107
1 203 205 46077833
1 154 156 86150480
1 34 36 82303366
1 437 439 52565469
1 151 153 42979177
1 440 442 70812810
1 448 450 91695146
1 435 437 45721870
