250 500
2 1 2 267926350
2 2 3 310861770
2 3 4 309220477
2 4 5 552654620
2 5 6 160005544
2 6 7 314446969
2 7 8 126956657
2 8 9 879900247
2 9 10 997106599
2 10 11 217416057
2 11 12 985166747
2 12 13 800989578
2 13 14 748959535
2 14 15 702062059
2 15 16 697418662
2 16 17 987136526
2 17 18 286343931
2 18 19 589590687
2 19 20 109568162
2 20 21 798948542
2 21 22 615097092
2 22 23 412443822
2 23 24 670015951
2 24 25 32785929
2 25 26 446052502
2 26 27 129839796
2 27 28 191841291
2 28 29 63030196
2 29 30 915306350
2 30 31 131523941
2 31 32 820594261
2 32 33 966991242
2 33 34 842954657
2 34 35 515577473
2 35 36 964708515
2 36 37 794341064
2 37 38 409126363
2 38 39 775116828
2 39 40 59982966
2 40 41 877662638
2 41 42 246263871
2 42 43 849293192
2 43 44 104575966
2 44 45 542877143
2 45 46 819053032
2 46 47 149634665
2 47 48 143903533
2 48 49 415182458
2 49 50 995217602
2 50 51 897519515
2 51 52 215258163
2 52 53 803528696
2 53 54 351823249
2 54 55 750461710
2 55 56 658331336
2 56 57 448687781
2 57 58 336884552
2 58 59 682859401
2 59 60 107440930
2 60 61 859185454
2 61 62 394165830
2 62 63 385487616
2 63 64 417850363
2 64 65 703946592
2 65 66 496837212
2 66 67 449318270
2 67 68 312002941
2 68 69 622865083
2 69 70 594867912
2 70 71 900078686
2 71 72 481702823
2 72 73 5266918
2 73 74 882700071
2 74 75 497073749
2 75 76 930338448
2 76 77 140780421
2 77 78 224305633
2 78 79 918948591
2 79 80 112427936
2 80 81 267138958
2 81 82 444642977
2 82 83 325236363
2 83 84 483322369
2 84 85 149026423
2 85 86 160145306
2 86 87 959009845
2 87 88 898523881
2 88 89 25105019
2 89 90 421237261
2 90 91 164656946
2 91 92 899602195
2 92 93 118216240
2 93 94 623016082
2 94 95 113291723
2 95 96 28211269
2 96 97 19869105
2 97 98 705872437
2 98 99 77232865
2 99 100 664545426
2 100 101 287291275
2 101 102 550110133
2 102 103 388364383
2 103 104 588536930
2 104 105 227340350
2 105 106 906847119
2 106 107 396128120
2 107 108 44555152
2 108 109 338806019
2 109 110 967570644
2 110 111 266605617
2 111 112 7671683
2 112 113 508960094
2 113 114 407957679
2 114 115 477941188
2 115 116 612275174
2 116 117 540963406
2 117 118 571470910
2 118 119 839979606
2 119 120 972648434
2 120 121 417626433
2 121 122 468518363
2 122 123 963238741
2 123 124 230648756
2 124 125 386195994
2 125 126 141856414
2 126 127 469018316
2 127 128 100930136
2 128 129 573871550
2 129 130 124278884
2 130 131 694531405
2 131 132 998566311
2 132 133 112791709
2 133 134 627427859
2 134 135 126810770
2 135 136 828728705
2 136 137 918457903
2 137 138 876269675
2 138 139 719059636
2 139 140 260617600
2 140 141 934373553
2 141 142 474030442
2 142 143 387511340
2 143 144 52429656
2 144 145 466711698
2 145 146 90977011
2 146 147 175257950
2 147 148 670055482
2 148 149 882474963
2 149 150 292149686
2 150 151 224858361
2 151 152 522868833
2 152 153 253896122
2 153 154 360893104
2 154 155 702014925
2 155 156 804373353
2 156 157 823484169
2 157 158 927975371
2 158 159 415052140
2 159 160 207884563
2 160 161 312844462
2 161 162 904098242
2 162 163 279982126
2 163 164 148478487
2 164 165 965719187
2 165 166 83206953
2 166 167 810316884
2 167 168 816009548
2 168 169 6416504
2 169 170 613396974
2 170 171 373551783
2 171 172 96249540
2 172 173 106426111
2 173 174 460048728
2 174 175 365041372
2 175 176 955172646
2 176 177 851648031
2 177 178 502548927
2 178 179 171597848
2 179 180 736760298
2 180 181 460107821
2 181 182 501013001
2 182 183 383558663
2 183 184 372934603
2 184 185 261632447
2 185 186 273237896
2 186 187 567709092
2 187 188 233042256
2 188 189 591419389
2 189 190 681546683
2 190 191 669691909
2 191 192 152071782
2 192 193 96548178
2 193 194 322054587
2 194 195 92234371
2 195 196 711249658
2 196 197 958048711
2 197 198 136833899
2 198 199 308820207
2 199 200 578482857
2 200 201 110588892
2 201 202 987929030
2 202 203 832021125
2 203 204 571450609
2 204 205 937639101
2 205 206 245596612
2 206 207 394737928
2 207 208 304327192
2 208 209 682207930
2 209 210 434788850
2 210 211 111627663
2 211 212 816234478
2 212 213 507566331
2 213 214 225826745
2 214 215 24257773
2 215 216 472076360
2 216 217 299506488
2 217 218 198206248
2 218 219 530146091
2 219 220 873617360
2 220 221 209975194
2 221 222 823984832
2 222 223 52125831
2 223 224 954683556
2 224 225 559915528
2 225 226 565779984
2 226 227 79205997
2 227 228 668960075
2 228 229 13734727
2 229 230 925411528
2 230 231 271268468
2 231 232 608909609
2 232 233 182505577
2 233 234 121410652
2 234 235 757696753
2 235 236 683863735
2 236 237 133889961
2 237 238 799100883
2 238 239 601771807
2 239 240 506777263
2 240 241 855328236
2 241 242 558202810
2 242 243 43401199
2 243 244 853215355
2 244 245 650469443
2 245 246 443914539
2 246 247 626401548
2 247 248 630351024
2 248 249 446310192
2 249 250 265515000
2 250 1 38453872
1 106 107 396128120
1 160 161 312844462
1 10 11 217416057
1 42 43 849293192
1 11 12 985166747
1 102 103 388364383
1 129 130 124278884
1 142 143 387511340
1 76 77 140780421
1 27 28 191841291
1 246 247 626401548
1 154 155 702014925
1 79 80 112427936
1 41 42 246263871
1 39 40 59982966
1 209 210 434788850
1 109 110 967570644
1 138 139 719059636
1 113 114 407957679
1 219 220 873617360
1 168 169 6416504
1 249 250 265515000
1 134 135 126810770
1 146 147 175257950
1 98 99 77232865
1 205 206 245596612
1 86 87 959009845
1 55 56 658331336
1 58 59 682859401
1 57 58 336884552
1 207 208 304327192
1 230 231 271268468
1 149 150 292149686
1 108 109 338806019
1 198 199 308820207
1 167 168 816009548
1 204 205 937639101
1 206 207 394737928
1 70 71 900078686
1 234 235 757696753
1 180 181 460107821
1 166 167 810316884
1 26 27 129839796
1 170 171 373551783
1 23 24 670015951
1 37 38 409126363
1 97 98 705872437
1 210 211 111627663
1 182 183 383558663
1 8 9 879900247
1 229 230 925411528
1 158 159 415052140
1 169 170 613396974
1 224 225 559915528
1 196 197 958048711
1 221 222 823984832
1 20 21 798948542
1 200 201 110588892
1 237 238 799100883
1 9 10 997106599
1 7 8 126956657
1 66 67 449318270
1 6 7 314446969
1 51 52 215258163
1 15 16 697418662
1 21 22 615097092
1 186 187 567709092
1 115 116 612275174
1 225 226 565779984
1 175 176 955172646
1 32 33 966991242
1 61 62 394165830
1 152 153 253896122
1 83 84 483322369
1 185 186 273237896
1 197 198 136833899
1 238 239 601771807
1 90 91 164656946
1 240 241 855328236
1 28 29 63030196
1 161 162 904098242
1 243 244 853215355
1 194 195 92234371
1 38 39 775116828
1 231 232 608909609
1 190 191 669691909
1 16 17 987136526
1 218 219 530146091
1 178 179 171597848
1 201 202 987929030
1 227 228 668960075
1 30 31 131523941
1 63 64 417850363
1 43 44 104575966
1 184 185 261632447
1 188 189 591419389
1 65 66 496837212
1 202 203 832021125
1 78 79 918948591
1 233 234 121410652
1 46 47 149634665
1 151 152 522868833
1 140 141 934373553
1 153 154 360893104
1 181 182 501013001
1 107 108 44555152
1 18 19 589590687
1 143 144 52429656
1 40 41 877662638
1 100 101 287291275
1 94 95 113291723
1 220 221 209975194
1 44 45 542877143
1 191 192 152071782
1 74 75 497073749
1 247 248 630351024
1 235 236 683863735
1 150 151 224858361
1 147 148 670055482
1 80 81 267138958
1 156 157 823484169
1 139 140 260617600
1 71 72 481702823
1 19 20 109568162
1 122 123 963238741
1 49 50 995217602
1 84 85 149026423
1 34 35 515577473
1 123 124 230648756
1 133 134 627427859
1 118 119 839979606
1 75 76 930338448
1 217 218 198206248
1 4 5 552654620
1 68 69 622865083
1 144 145 466711698
1 22 23 412443822
1 29 30 915306350
1 85 86 160145306
1 36 37 794341064
1 77 78 224305633
1 99 100 664545426
1 60 61 859185454
1 248 249 446310192
1 110 111 266605617
1 244 245 650469443
1 159 160 207884563
1 131 132 998566311
1 124 125 386195994
1 212 213 507566331
1 50 51 897519515
1 216 217 299506488
1 141 142 474030442
1 3 4 309220477
1 101 102 550110133
1 174 175 365041372
1 92 93 118216240
1 223 224 954683556
1 104 105 227340350
1 103 104 588536930
1 163 164 148478487
1 127 128 100930136
1 164 165 965719187
1 121 122 468518363
1 12 13 800989578
1 135 136 828728705
1 211 212 816234478
1 172 173 106426111
1 179 180 736760298
1 177 178 502548927
1 87 88 898523881
1 183 184 372934603
1 112 113 508960094
1 45 46 819053032
1 162 163 279982126
1 25 26 446052502
1 69 70 594867912
1 130 131 694531405
1 136 137 918457903
1 137 138 876269675
1 62 63 385487616
1 128 129 573871550
1 13 14 748959535
1 31 32 820594261
1 73 74 882700071
1 214 215 24257773
1 111 112 7671683
1 215 216 472076360
1 203 204 571450609
1 95 96 28211269
1 59 60 107440930
1 93 94 623016082
1 148 149 882474963
1 208 209 682207930
1 81 82 444642977
1 126 127 469018316
1 236 237 133889961
1 64 65 703946592
1 250 1 38453872
1 53 54 351823249
1 82 83 325236363
1 54 55 750461710
1 222 223 52125831
1 192 193 96548178
1 67 68 312002941
1 117 118 571470910
1 48 49 415182458
1 1 2 267926350
1 232 233 182505577
1 176 177 851648031
1 89 90 421237261
1 5 6 160005544
1 245 246 443914539
1 195 196 711249658
1 24 25 32785929
1 125 126 141856414
1 72 73 5266918
1 33 34 842954657
1 165 166 83206953
1 17 18 286343931
1 88 89 25105019
1 187 188 233042256
1 226 227 79205997
1 239 240 506777263
1 56 57 448687781
1 199 200 578482857
1 116 117 540963406
1 91 92 899602195
1 119 120 972648434
1 193 194 322054587
1 114 115 477941188
1 145 146 90977011
1 242 243 43401199
1 2 3 310861770
1 120 121 417626433
1 155 156 804373353
1 14 15 702062059
1 228 229 13734727
1 35 36 964708515
1 241 242 558202810
1 105 106 906847119
1 96 97 19869105
1 47 48 143903533
1 171 172 96249540
1 213 214 225826745
1 157 158 927975371
1 189 190 681546683
1 52 53 803528696
1 173 174 460048728
1 132 133 112791709
