50 50
2 31 49 896112261
1 12 14 158483671
2 17 25 394696037
2 30 41 550552655
1 4 14 516941279
2 36 38 88311807
2 12 20 483155877
2 37 48 547818648
1 45 15 973147074
2 48 49 27439054
2 41 44 169886001
2 26 37 578101326
2 42 8 733194181
1 21 26 166946445
1 12 30 929266732
1 18 29 533375645
1 21 41 939474475
2 20 33 550411063
1 5 22 885668395
2 6 25 930964960
2 47 3 310937305
1 18 30 607528237
1 45 14 966910975
1 14 34 926036748
1 2 13 516615393
2 50 15 733913150
1 1 4 119967592
1 28 30 162952959
2 39 6 851961378
1 37 2 744437528
2 22 29 292973021
2 18 38 970915757
1 48 11 589354766
1 21 28 225968861
2 36 49 656307940
1 38 46 451220129
1 18 25 350232811
1 50 19 982425803
2 18 28 444575278
1 13 32 915350159
2 30 34 155253687
1 48 7 439666593
1 46 5 397525736
2 20 30 446110855
1 39 48 479238970
2 7 13 273567680
1 15 28 601594003
1 10 23 668352477
2 37 8 993557992
1 28 33 267253167
