400 500
2 1 2 766121797
2 2 3 747220831
2 3 4 400811305
2 4 5 890425746
2 5 6 775337292
2 6 7 539902232
2 7 8 123081166
2 8 9 434780202
2 9 10 981748270
2 10 11 281965261
2 11 12 870535348
2 12 13 578286859
2 13 14 860326547
2 14 15 25065474
2 15 16 538123458
2 16 17 849052372
2 17 18 298466212
2 18 19 618049631
2 19 20 71336596
2 20 21 805883817
2 21 22 799393167
2 22 23 321734318
2 23 24 302625195
2 24 25 179818867
2 25 26 585856547
2 26 27 180431039
2 27 28 951049994
2 28 29 499207573
2 29 30 79008308
2 30 31 682312441
2 31 32 870391255
2 32 33 661416878
2 33 34 73211908
2 34 35 37907056
2 35 36 378608174
2 36 37 493696800
2 37 38 409068257
2 38 39 18147461
2 39 40 981508769
2 40 41 180301760
2 41 42 781457515
2 42 43 851471931
2 43 44 925848249
2 44 45 654878304
2 45 46 422897562
2 46 47 455127171
2 47 48 292382994
2 48 49 224426316
2 49 50 818243910
2 50 51 809838249
2 51 52 284034584
2 52 53 866488022
2 53 54 841771852
2 54 55 99324063
2 55 56 484160073
2 56 57 19778050
2 57 58 960471850
2 58 59 446761618
2 59 60 377087273
2 60 61 588653407
2 61 62 261038714
2 62 63 334971973
2 63 64 109674915
2 64 65 573622152
2 65 66 216576532
2 66 67 105824058
2 67 68 418612936
2 68 69 991859327
2 69 70 52654787
2 70 71 248721723
2 71 72 797992196
2 72 73 446561087
2 73 74 13374111
2 74 75 661022518
2 75 76 331908449
2 76 77 826940286
2 77 78 836730463
2 78 79 475832126
2 79 80 491896817
2 80 81 412747779
2 81 82 689566051
2 82 83 271216864
2 83 84 373032124
2 84 85 372866313
2 85 86 581912646
2 86 87 278337159
2 87 88 454694159
2 88 89 775996594
2 89 90 909766141
2 90 91 559973631
2 91 92 528793514
2 92 93 15242017
2 93 94 462772601
2 94 95 133233355
2 95 96 196659822
2 96 97 748279667
2 97 98 399360284
2 98 99 382294794
2 99 100 862586017
2 100 101 326090496
2 101 102 824409405
2 102 103 521851538
2 103 104 762315656
2 104 105 805389312
2 105 106 844415333
2 106 107 779731346
2 107 108 170158744
2 108 109 514616452
2 109 110 587049829
2 110 111 232733402
2 111 112 989957553
2 112 113 215042281
2 113 114 754416371
2 114 115 109787662
2 115 116 120215497
2 116 117 333888737
2 117 118 718214502
2 118 119 380900048
2 119 120 401082235
2 120 121 399380421
2 121 122 202223419
2 122 123 255957161
2 123 124 459419466
2 124 125 384859976
2 125 126 85816333
2 126 127 694614689
2 127 128 664084924
2 128 129 613490635
2 129 130 639978498
2 130 131 92449465
2 131 132 794246239
2 132 133 725488951
2 133 134 698130227
2 134 135 737387123
2 135 136 150870606
2 136 137 51723930
2 137 138 166365873
2 138 139 784153648
2 139 140 681077761
2 140 141 514653208
2 141 142 64400223
2 142 143 27223713
2 143 144 800255041
2 144 145 934610288
2 145 146 68090258
2 146 147 75684227
2 147 148 518837347
2 148 149 267726506
2 149 150 786772009
2 150 151 825142927
2 151 152 157640382
2 152 153 872641587
2 153 154 938201481
2 154 155 946313555
2 155 156 135217634
2 156 157 612589017
2 157 158 314064910
2 158 159 116218925
2 159 160 991953171
2 160 161 630054958
2 161 162 706349176
2 162 163 818115189
2 163 164 660137712
2 164 165 376787958
2 165 166 647369285
2 166 167 610756730
2 167 168 519007045
2 168 169 926426251
2 169 170 424476176
2 170 171 22292934
2 171 172 29697443
2 172 173 726847912
2 173 174 180543876
2 174 175 586629581
2 175 176 76611002
2 176 177 228261151
2 177 178 876934311
2 178 179 256584154
2 179 180 588998386
2 180 181 982089840
2 181 182 374606464
2 182 183 426186742
2 183 184 886357717
2 184 185 161672387
2 185 186 944946366
2 186 187 625145602
2 187 188 305496060
2 188 189 373491394
2 189 190 954073215
2 190 191 669997921
2 191 192 3706391
2 192 193 795724583
2 193 194 392048116
2 194 195 332024025
2 195 196 754080599
2 196 197 853312421
2 197 198 197068016
2 198 199 137282115
2 199 200 808194096
2 200 201 687882976
2 201 202 315058459
2 202 203 808953658
2 203 204 267353531
2 204 205 880056504
2 205 206 126308760
2 206 207 638882998
2 207 208 900662823
2 208 209 187540785
2 209 210 552550985
2 210 211 891035454
2 211 212 861226690
2 212 213 397430440
2 213 214 807536177
2 214 215 816247071
2 215 216 851986685
2 216 217 689861833
2 217 218 95017423
2 218 219 281266129
2 219 220 372379470
2 220 221 792621093
2 221 222 794518437
2 222 223 845353938
2 223 224 812639071
2 224 225 978582818
2 225 226 246465056
2 226 227 929025616
2 227 228 520738820
2 228 229 862284693
2 229 230 39694377
2 230 231 707288619
2 231 232 227386457
2 232 233 370070372
2 233 234 790328002
2 234 235 705503187
2 235 236 479230010
2 236 237 747851148
2 237 238 462843091
2 238 239 761490385
2 239 240 717345294
2 240 241 451274297
2 241 242 342985593
2 242 243 70637038
2 243 244 401139999
2 244 245 668343103
2 245 246 377312812
2 246 247 90737950
2 247 248 703684345
2 248 249 243898075
2 249 250 869174342
2 250 251 699116100
2 251 252 557369588
2 252 253 744913000
2 253 254 580350429
2 254 255 408518176
2 255 256 90289048
2 256 257 55977899
2 257 258 160788710
2 258 259 43240186
2 259 260 390154827
2 260 261 748153033
2 261 262 151354531
2 262 263 247927985
2 263 264 207598161
2 264 265 508553205
2 265 266 220583318
2 266 267 384963190
2 267 268 151294852
2 268 269 681793400
2 269 270 520472937
2 270 271 348401435
2 271 272 995892224
2 272 273 487388696
2 273 274 549260830
2 274 275 209055944
2 275 276 416535698
2 276 277 866950115
2 277 278 252696363
2 278 279 426603637
2 279 280 600312905
2 280 281 639400893
2 281 282 106189378
2 282 283 256684701
2 283 284 188540309
2 284 285 883520005
2 285 286 564947794
2 286 287 185638774
2 287 288 871408819
2 288 289 781272619
2 289 290 954134940
2 290 291 520941355
2 291 292 387969606
2 292 293 764974626
2 293 294 488339103
2 294 295 95862489
2 295 296 325600093
2 296 297 210291425
2 297 298 520885348
2 298 299 230506942
2 299 300 370280316
2 300 301 740201825
2 301 302 186548607
2 302 303 373440802
2 303 304 590123996
2 304 305 692749313
2 305 306 578516552
2 306 307 867016687
2 307 308 172118158
2 308 309 300668322
2 309 310 49100594
2 310 311 672774646
2 311 312 74673812
2 312 313 295721848
2 313 314 490917290
2 314 315 947989050
2 315 316 90132241
2 316 317 463065056
2 317 318 995028950
2 318 319 120233780
2 319 320 1681043
2 320 321 877510125
2 321 322 383020636
2 322 323 52500161
2 323 324 189140074
2 324 325 552127901
2 325 326 130834297
2 326 327 672239608
2 327 328 381677612
2 328 329 333780088
2 329 330 491984903
2 330 331 329824857
2 331 332 971305106
2 332 333 445346491
2 333 334 768878979
2 334 335 37857225
2 335 336 64410270
2 336 337 892123350
2 337 338 156388498
2 338 339 685535920
2 339 340 645056818
2 340 341 52303646
2 341 342 72480290
2 342 343 387912887
2 343 344 19305455
2 344 345 3206129
2 345 346 104329740
2 346 347 694140927
2 347 348 937098075
2 348 349 187254983
2 349 350 711911236
2 350 351 422897801
2 351 352 843178812
2 352 353 509440888
2 353 354 921746146
2 354 355 66427279
2 355 356 832921221
2 356 357 667650830
2 357 358 894941970
2 358 359 473511295
2 359 360 490162325
2 360 361 360137003
2 361 362 664876603
2 362 363 619878713
2 363 364 529235808
2 364 365 163460103
2 365 366 391032243
2 366 367 182702828
2 367 368 873147077
2 368 369 503256111
2 369 370 97380803
2 370 371 713487431
2 371 372 568204885
2 372 373 677850415
2 373 374 518057650
2 374 375 267233762
2 375 376 226398538
2 376 377 910633115
2 377 378 406663096
2 378 379 88641167
2 379 380 864274410
2 380 381 743931292
2 381 382 345291871
2 382 383 673400439
2 383 384 254655619
2 384 385 423339186
2 385 386 493701911
2 386 387 955392203
2 387 388 596828311
2 388 389 278858959
2 389 390 800764501
2 390 391 926806919
2 391 392 167403842
2 392 393 264986753
2 393 394 309904849
2 394 395 369665598
2 395 396 655500554
2 396 397 94228268
2 397 398 810433773
2 398 399 547036281
2 399 400 675840761
2 400 1 586537168
1 398 399 547027397
1 207 208 900650493
1 32 33 661409079
1 145 146 68074554
1 309 310 49095035
1 5 6 775323283
1 353 354 921739554
1 137 138 166364383
1 334 335 37848682
1 152 153 872632512
1 365 366 391017263
1 262 263 247910099
1 178 179 256576219
1 66 67 105819124
1 115 116 120214701
1 106 107 779717458
1 290 291 520929917
1 102 103 521835243
1 43 44 925833196
1 265 266 220572916
1 60 61 588648424
1 110 111 232728865
1 250 251 699099856
1 223 224 812632036
1 342 343 387903568
1 171 172 29692578
1 143 144 800247366
1 73 74 13365234
1 180 181 982070635
1 126 127 694613152
1 293 294 488330617
1 127 128 664073519
1 28 29 499199831
1 186 187 625126529
1 268 269 681780563
1 135 136 150858907
1 131 132 794238413
1 2 3 747213838
1 217 218 95015428
1 335 336 64400550
1 164 165 376784249
1 390 391 926804189
1 71 72 797983173
1 111 112 989947653
1 322 323 52485297
1 37 38 409064000
1 230 231 707282552
1 69 70 52646385
1 389 390 800755807
1 380 381 743920974
1 23 24 302618026
1 279 280 600303722
1 197 198 197060060
1 295 296 325588901
1 399 400 675827262
1 336 337 892110971
1 327 328 381667478
1 90 91 559962277
1 253 254 580337999
1 75 76 331901034
1 190 191 669986477
1 163 164 660121657
1 285 286 564942550
1 129 130 639965150
1 44 45 654872679
1 57 58 960460380
1 157 158 314055789
1 205 206 126298139
1 85 86 581902097
1 269 270 520462151
1 30 31 682300946
1 117 118 718198700
1 225 226 246459326
1 362 363 619860473
1 292 293 764960822
1 53 54 841760850
1 95 96 196645258
1 357 358 894929625
1 222 223 845335313
1 366 367 182693310
1 133 134 698112599
1 294 295 95846456
1 386 387 955382929
1 315 316 90118183
1 243 244 401130175
1 49 50 818230807
1 114 115 109778493
1 317 318 995012742
1 200 201 687871731
1 286 287 185625148
1 196 197 853304395
1 383 384 254652290
1 234 235 705495395
1 324 325 552114793
1 183 184 886356716
1 154 155 946298220
1 105 106 844399406
1 84 85 372858309
1 36 37 493694374
1 40 41 180287740
