500 500
2 1 2 631958965
2 2 3 358635414
2 3 4 536004112
2 4 5 574411830
2 5 6 519713027
2 6 7 937516422
2 7 8 996092683
2 8 9 251745807
2 9 10 281111230
2 10 11 631899032
2 11 12 640560018
2 12 13 15344440
2 13 14 990716555
2 14 15 421752503
2 15 16 621613190
2 16 17 521655461
2 17 18 907598832
2 18 19 7293535
2 19 20 287415555
2 20 21 742118158
2 21 22 352688371
2 22 23 867129668
2 23 24 447598052
2 24 25 632972560
2 25 26 580266073
2 26 27 103526905
2 27 28 735075327
2 28 29 631547743
2 29 30 444293664
2 30 31 212384332
2 31 32 59722192
2 32 33 402965236
2 33 34 90673843
2 34 35 690476304
2 35 36 396998010
2 36 37 332777956
2 37 38 704330866
2 38 39 764068564
2 39 40 606572989
2 40 41 9496855
2 41 42 745563514
2 42 43 346319886
2 43 44 325148742
2 44 45 846483074
2 45 46 27436176
2 46 47 93379223
2 47 48 437917285
2 48 49 279019777
2 49 50 637525574
2 50 51 263431367
2 51 52 801287663
2 52 53 745850475
2 53 54 759478156
2 54 55 9033452
2 55 56 8651581
2 56 57 747776381
2 57 58 932094286
2 58 59 586261438
2 59 60 856218373
2 60 61 5869728
2 61 62 13160133
2 62 63 300061385
2 63 64 573874365
2 64 65 889491446
2 65 66 607518306
2 66 67 119980359
2 67 68 945703982
2 68 69 505643547
2 69 70 306500475
2 70 71 45143157
2 71 72 370844078
2 72 73 165725322
2 73 74 580169110
2 74 75 196732429
2 75 76 300797370
2 76 77 725678547
2 77 78 462577397
2 78 79 172727809
2 79 80 747867264
2 80 81 115413597
2 81 82 511826587
2 82 83 414005728
2 83 84 33146269
2 84 85 534716364
2 85 86 687198269
2 86 87 663137627
2 87 88 574832798
2 88 89 690378837
2 89 90 999555109
2 90 91 839799694
2 91 92 360735856
2 92 93 429664257
2 93 94 208765910
2 94 95 970408004
2 95 96 84070340
2 96 97 554117398
2 97 98 165783815
2 98 99 311926436
2 99 100 782137805
2 100 101 788111819
2 101 102 258157541
2 102 103 575756848
2 103 104 494368857
2 104 105 437892792
2 105 106 315455225
2 106 107 691638512
2 107 108 770383301
2 108 109 434628669
2 109 110 610859085
2 110 111 118656439
2 111 112 119896071
2 112 113 194912956
2 113 114 391110835
2 114 115 270480939
2 115 116 981036076
2 116 117 478650250
2 117 118 691213064
2 118 119 607992457
2 119 120 425237242
2 120 121 736254728
2 121 122 659087500
2 122 123 710778442
2 123 124 279438156
2 124 125 752503405
2 125 126 837688892
2 126 127 827337888
2 127 128 244557500
2 128 129 268272395
2 129 130 726601059
2 130 131 487004540
2 131 132 517389595
2 132 133 162095845
2 133 134 508552886
2 134 135 184247798
2 135 136 94292065
2 136 137 299373017
2 137 138 390710687
2 138 139 112845491
2 139 140 952827271
2 140 141 761638714
2 141 142 112350549
2 142 143 349387420
2 143 144 426813229
2 144 145 634676401
2 145 146 656230818
2 146 147 946410479
2 147 148 388706012
2 148 149 155565198
2 149 150 66551869
2 150 151 235086545
2 151 152 795295412
2 152 153 848443021
2 153 154 382126199
2 154 155 126671609
2 155 156 891420039
2 156 157 333904889
2 157 158 406179491
2 158 159 642760026
2 159 160 370790527
2 160 161 561823478
2 161 162 824688682
2 162 163 802289321
2 163 164 320905921
2 164 165 696767467
2 165 166 969572088
2 166 167 967967237
2 167 168 273853533
2 168 169 343394567
2 169 170 183733394
2 170 171 891257548
2 171 172 202395904
2 172 173 711933902
2 173 174 149280535
2 174 175 612516423
2 175 176 864034247
2 176 177 374436926
2 177 178 213586516
2 178 179 676902589
2 179 180 299599428
2 180 181 877985338
2 181 182 33862622
2 182 183 330391136
2 183 184 698311003
2 184 185 692046873
2 185 186 957745574
2 186 187 683567234
2 187 188 898036134
2 188 189 563157882
2 189 190 640828187
2 190 191 765562963
2 191 192 233629334
2 192 193 811825511
2 193 194 139704183
2 194 195 786868207
2 195 196 134853794
2 196 197 767716284
2 197 198 768647921
2 198 199 69036676
2 199 200 859200498
2 200 201 304278285
2 201 202 729842014
2 202 203 378631358
2 203 204 35196330
2 204 205 911276474
2 205 206 639758894
2 206 207 784546128
2 207 208 375758824
2 208 209 772208974
2 209 210 583497644
2 210 211 762520717
2 211 212 25034213
2 212 213 224595732
2 213 214 53928989
2 214 215 943545130
2 215 216 109853251
2 216 217 769962800
2 217 218 773036354
2 218 219 747289256
2 219 220 554043215
2 220 221 930350310
2 221 222 25833005
2 222 223 501250454
2 223 224 537455534
2 224 225 332619358
2 225 226 205465813
2 226 227 882007832
2 227 228 96776971
2 228 229 631768463
2 229 230 173134726
2 230 231 672391243
2 231 232 638251904
2 232 233 953394550
2 233 234 424467685
2 234 235 759185240
2 235 236 829625981
2 236 237 613858929
2 237 238 660916236
2 238 239 956329317
2 239 240 771215200
2 240 241 269590374
2 241 242 334276999
2 242 243 437887825
2 243 244 212713969
2 244 245 970556528
2 245 246 633723258
2 246 247 207385821
2 247 248 333555543
2 248 249 59104989
2 249 250 206349865
2 250 251 481534499
2 251 252 670036577
2 252 253 408554815
2 253 254 525739719
2 254 255 751067973
2 255 256 349539338
2 256 257 310958223
2 257 258 801791441
2 258 259 163834893
2 259 260 555354330
2 260 261 898914873
2 261 262 987528140
2 262 263 987638397
2 263 264 829065956
2 264 265 436265290
2 265 266 604339320
2 266 267 451256777
2 267 268 665041635
2 268 269 85401993
2 269 270 816426735
2 270 271 496542568
2 271 272 572914794
2 272 273 888418636
2 273 274 33959699
2 274 275 950074009
2 275 276 19330473
2 276 277 511848117
2 277 278 441028017
2 278 279 489130753
2 279 280 370993273
2 280 281 919592375
2 281 282 139277691
2 282 283 487678334
2 283 284 281787189
2 284 285 376352712
2 285 286 50960067
2 286 287 465987577
2 287 288 862204995
2 288 289 499230787
2 289 290 473798711
2 290 291 117401414
2 291 292 606604606
2 292 293 720739297
2 293 294 774947331
2 294 295 682041166
2 295 296 953392920
2 296 297 19676225
2 297 298 392391820
2 298 299 862024776
2 299 300 169733400
2 300 301 429001279
2 301 302 769848955
2 302 303 499723706
2 303 304 698756454
2 304 305 933136614
2 305 306 825786306
2 306 307 542507234
2 307 308 159597435
2 308 309 403715397
2 309 310 915000449
2 310 311 754589561
2 311 312 919088003
2 312 313 337516541
2 313 314 203861591
2 314 315 578838226
2 315 316 738408258
2 316 317 273227777
2 317 318 113078326
2 318 319 313790772
2 319 320 632315559
2 320 321 186044168
2 321 322 607453117
2 322 323 874807702
2 323 324 730829676
2 324 325 639660743
2 325 326 164038558
2 326 327 48214462
2 327 328 215464824
2 328 329 949287911
2 329 330 61883831
2 330 331 244361002
2 331 332 549609519
2 332 333 359906622
2 333 334 118649226
2 334 335 691927430
2 335 336 101770288
2 336 337 326857115
2 337 338 676022167
2 338 339 816182374
2 339 340 217204080
2 340 341 468346689
2 341 342 899315337
2 342 343 497686129
2 343 344 265969738
2 344 345 492683291
2 345 346 712481716
2 346 347 639845244
2 347 348 235364705
2 348 349 410348240
2 349 350 572413287
2 350 351 482464652
2 351 352 220419934
2 352 353 843765977
2 353 354 452009735
2 354 355 166268555
2 355 356 265177606
2 356 357 954586014
2 357 358 243143390
2 358 359 913360745
2 359 360 752467774
2 360 361 6626761
2 361 362 278969982
2 362 363 758975628
2 363 364 365427557
2 364 365 590444176
2 365 366 776795203
2 366 367 654481792
2 367 368 452332259
2 368 369 894784338
2 369 370 234275387
2 370 371 741537050
2 371 372 936906960
2 372 373 214244282
2 373 374 220372671
2 374 375 219670906
2 375 376 734339832
2 376 377 965508776
2 377 378 379810759
2 378 379 370490986
2 379 380 69540068
2 380 381 942262388
2 381 382 621421075
2 382 383 539039940
2 383 384 912197099
2 384 385 814406604
2 385 386 540109028
2 386 387 963714026
2 387 388 506366358
2 388 389 687525940
2 389 390 448547614
2 390 391 447577338
2 391 392 32285873
2 392 393 659872143
2 393 394 617334081
2 394 395 914633496
2 395 396 359956336
2 396 397 296719988
2 397 398 728007637
2 398 399 349894952
2 399 400 115546465
2 400 401 503569316
2 401 402 189212380
2 402 403 119454428
2 403 404 205299667
2 404 405 598159566
2 405 406 733782165
2 406 407 327814926
2 407 408 507085947
2 408 409 674827774
2 409 410 338104951
2 410 411 293566322
2 411 412 325638654
2 412 413 223555338
2 413 414 524902212
2 414 415 331137902
2 415 416 861199590
2 416 417 253864983
2 417 418 255128246
2 418 419 763562817
2 419 420 999611935
2 420 421 319497934
2 421 422 409974288
2 422 423 925288109
2 423 424 696701435
2 424 425 936460636
2 425 426 106646559
2 426 427 877770093
2 427 428 670203708
2 428 429 173299019
2 429 430 30689338
2 430 431 99475652
2 431 432 92256745
2 432 433 344501197
2 433 434 549612820
2 434 435 313802036
2 435 436 220978347
2 436 437 122605990
2 437 438 768690039
2 438 439 813325732
2 439 440 941108398
2 440 441 895249132
2 441 442 217334636
2 442 443 157235786
2 443 444 490470881
2 444 445 608280365
2 445 446 725471386
2 446 447 268765831
2 447 448 466646178
2 448 449 648913962
2 449 450 824002006
2 450 451 144819824
2 451 452 640361430
2 452 453 863751681
2 453 454 180879747
2 454 455 782566409
2 455 456 256385212
2 456 457 923138023
2 457 458 806293159
2 458 459 659983932
2 459 460 874679359
2 460 461 785219969
2 461 462 250524266
2 462 463 820556651
2 463 464 603573871
2 464 465 507077865
2 465 466 13327023
2 466 467 830821566
2 467 468 428423089
2 468 469 284694283
2 469 470 289464589
2 470 471 621689000
2 471 472 249045853
2 472 473 172284412
2 473 474 198355019
2 474 475 225783492
2 475 476 154332427
2 476 477 620122152
2 477 478 259452991
2 478 479 648533233
2 479 480 757130955
2 480 481 61274694
2 481 482 613159786
2 482 483 941292543
2 483 484 279743711
2 484 485 962234808
2 485 486 948997309
2 486 487 400346389
2 487 488 234612220
2 488 489 150131124
2 489 490 356438876
2 490 491 496825785
2 491 492 50467400
2 492 493 494605218
2 493 494 721790468
2 494 495 910040560
2 495 496 293295382
2 496 497 517191130
2 497 498 866967322
2 498 499 266929688
2 499 500 906846613
2 500 1 793448161
