500 500
2 1 3 710911403
2 2 4 583485964
2 3 5 398973364
2 4 6 257074009
2 5 7 159639324
2 6 8 246919863
2 7 9 295440958
2 8 10 261563812
2 9 11 460374102
2 10 12 285502088
2 11 13 128082636
2 12 14 366066507
2 13 15 505497662
2 14 16 275730434
2 15 17 276734292
2 16 18 309795620
2 17 19 55998832
2 18 20 373611504
2 19 21 611065228
2 20 22 688980462
2 21 23 534369686
2 22 24 418873394
2 23 25 798989524
2 24 26 515662904
2 25 27 141991691
2 26 28 171424842
2 27 29 425000441
2 28 30 782670762
2 29 31 788744582
2 30 32 475265446
2 31 33 233016204
2 32 34 220038063
2 33 35 336114998
2 34 36 514585735
2 35 37 681259655
2 36 38 463733538
2 37 39 129104780
2 38 40 159008574
2 39 41 406908251
2 40 42 395738473
2 41 43 548326539
2 42 44 494123735
2 43 45 109641386
2 44 46 152854194
2 45 47 552535792
2 46 48 921050616
2 47 49 601324595
2 48 50 573625622
2 49 51 635483614
2 50 52 502195058
2 51 53 760537772
2 52 54 819906320
2 53 55 717742645
2 54 56 790027632
2 55 57 526193965
2 56 58 518046819
2 57 59 645966273
2 58 60 360487153
2 59 61 239661125
2 60 62 402867584
2 61 63 609484803
2 62 64 403301962
2 63 65 375379352
2 64 66 388450861
2 65 67 131336016
2 66 68 125921635
2 67 69 477260182
2 68 70 744409759
2 69 71 550846690
2 70 72 449514110
2 71 73 262974065
2 72 74 461122045
2 73 75 513844978
2 74 76 314893482
2 75 77 431636701
2 76 78 262308125
2 77 79 419798517
2 78 80 700553677
2 79 81 653340215
2 80 82 741784676
2 81 83 653804713
2 82 84 518650111
2 83 85 505732846
2 84 86 549720252
2 85 87 430536773
2 86 88 404567726
2 87 89 586316144
2 88 90 543410836
2 89 91 336444781
2 90 92 249084875
2 91 93 689906889
2 92 94 816914119
2 93 95 826198279
2 94 96 609688962
2 95 97 456462112
2 96 98 840052159
2 97 99 982400036
2 98 100 789057775
2 99 101 438543873
2 100 102 274865722
2 101 103 534536235
2 102 104 770446000
2 103 105 785635838
2 104 106 501403910
2 105 107 482894574
2 106 108 694869336
2 107 109 702740091
2 108 110 865362066
2 109 111 542933138
2 110 112 471671915
2 111 113 450059254
2 112 114 111104489
2 113 115 468610618
2 114 116 557456807
2 115 117 173120546
2 116 118 378964397
2 117 119 743787531
2 118 120 829423009
2 119 121 804719262
2 120 122 725021998
2 121 123 618106038
2 122 124 703844414
2 123 125 648354428
2 124 126 241320250
2 125 127 447472524
2 126 128 553272323
2 127 129 451598312
2 128 130 545933928
2 129 131 672461176
2 130 132 785551675
2 131 133 509095100
2 132 134 651282812
2 133 135 953586304
2 134 136 638897268
2 135 137 420639074
2 136 138 523038045
2 137 139 341574716
2 138 140 480456804
2 139 141 696363979
2 140 142 623154499
2 141 143 774932890
2 142 144 665073099
2 143 145 319766114
2 144 146 403251320
2 145 147 812699159
2 146 148 532092966
2 147 149 237369397
2 148 150 364461886
2 149 151 323226284
2 150 152 621666949
2 151 153 868653869
2 152 154 891706934
2 153 155 690313576
2 154 156 358598382
2 155 157 581995871
2 156 158 850852731
2 157 159 896037298
2 158 160 972320091
2 159 161 814539162
2 160 162 807774663
2 161 163 928794471
2 162 164 666892904
2 163 165 389657345
2 164 166 287650876
2 165 167 171764602
2 166 168 426108013
2 167 169 746733142
2 168 170 545882038
2 169 171 675837524
2 170 172 869070637
2 171 173 777895444
2 172 174 510030478
2 173 175 585095725
2 174 176 610550581
2 175 177 262128086
2 176 178 290432689
2 177 179 221648511
2 178 180 447552808
2 179 181 438961519
2 180 182 330221693
2 181 183 482338698
2 182 184 470058468
2 183 185 570044967
2 184 186 365898910
2 185 187 297990610
2 186 188 289432804
2 187 189 126733890
2 188 190 149062448
2 189 191 370101400
2 190 192 518663122
2 191 193 225954293
2 192 194 44895768
2 193 195 101968556
2 194 196 464514901
2 195 197 883261896
2 196 198 888006639
2 197 199 478755508
2 198 200 110044907
2 199 201 407434216
2 200 202 613655366
2 201 203 719699442
2 202 204 636963740
2 203 205 189850300
2 204 206 343900776
2 205 207 813979585
2 206 208 888293927
2 207 209 399942533
2 208 210 139564602
2 209 211 433392177
2 210 212 452998579
2 211 213 304792814
2 212 214 162723541
2 213 215 270326155
2 214 216 439923089
2 215 217 244764885
2 216 218 148143511
2 217 219 413595289
2 218 220 738430469
2 219 221 806382157
2 220 222 709594794
2 221 223 598769527
2 222 224 525524311
2 223 225 689067013
2 224 226 737128513
2 225 227 481111614
2 226 228 397648647
2 227 229 656421740
2 228 230 644286838
2 229 231 224746045
2 230 232 393953537
2 231 233 777961923
2 232 234 594295324
2 233 235 313017794
2 234 236 337176366
2 235 237 624586498
2 236 238 689736020
2 237 239 573794389
2 238 240 684338620
2 239 241 686446779
2 240 242 659569524
2 241 243 437450125
2 242 244 360611237
2 243 245 547393530
2 244 246 725262774
2 245 247 754688174
2 246 248 318847071
2 247 249 452490497
2 248 250 914927943
2 249 251 796186590
2 250 252 601566459
2 251 253 679350965
2 252 254 590749799
2 253 255 592397317
2 254 256 474817528
2 255 257 486895474
2 256 258 477274271
2 257 259 421373120
2 258 260 707631569
2 259 261 736568776
2 260 262 703352513
2 261 263 379682244
2 262 264 554944237
2 263 265 727230769
2 264 266 273319815
2 265 267 399293952
2 266 268 765642876
2 267 269 738492645
2 268 270 354396179
2 269 271 143647209
2 270 272 289219184
2 271 273 338429327
2 272 274 294889050
2 273 275 241073129
2 274 276 129287790
2 275 277 477523633
2 276 278 730702719
2 277 279 297950832
2 278 280 116832141
2 279 281 258601732
2 280 282 644282287
2 281 283 470602471
2 282 284 171523944
2 283 285 382010663
2 284 286 620368726
2 285 287 576253986
2 286 288 662432808
2 287 289 862479797
2 288 290 797014780
2 289 291 520605257
2 290 292 549587738
2 291 293 567929591
2 292 294 306019519
2 293 295 459209574
2 294 296 661722902
2 295 297 845049904
2 296 298 681884933
2 297 299 292946243
2 298 300 144194355
2 299 301 349464074
2 300 302 587643014
2 301 303 411494467
2 302 304 518593982
2 303 305 861762821
2 304 306 617220705
2 305 307 383096260
2 306 308 265810562
2 307 309 351289466
2 308 310 538278247
2 309 311 646292357
2 310 312 864339329
2 311 313 499376083
2 312 314 225845334
2 313 315 528918206
2 314 316 351375509
2 315 317 391672681
2 316 318 827541069
2 317 319 507820039
2 318 320 145460197
2 319 321 245086916
2 320 322 223265669
2 321 323 381088680
2 322 324 715029013
2 323 325 423707174
2 324 326 85924597
2 325 327 391689035
2 326 328 412298034
2 327 329 353106466
2 328 330 377438962
2 329 331 588360625
2 330 332 595850501
2 331 333 586548309
2 332 334 519791726
2 333 335 187523567
2 334 336 528988768
2 335 337 725545152
2 336 338 737117751
2 337 339 578969781
2 338 340 314922389
2 339 341 578629865
2 340 342 864398014
2 341 343 920376409
2 342 344 682414996
2 343 345 326756050
2 344 346 198786702
2 345 347 357535266
2 346 348 397288814
2 347 349 563659397
2 348 350 513456838
2 349 351 62663097
2 350 352 505526060
2 351 353 981478330
2 352 354 563065075
2 353 355 311824551
2 354 356 442442951
2 355 357 607129790
2 356 358 702552857
2 357 359 624279000
2 358 360 702589862
2 359 361 715356835
2 360 362 521864747
2 361 363 227298267
2 362 364 71840847
2 363 365 117464353
2 364 366 335706718
2 365 367 529171127
2 366 368 694242462
2 367 369 622636050
2 368 370 579716829
2 369 371 382588834
2 370 372 227692731
2 371 373 444859936
2 372 374 344170525
2 373 375 201092146
2 374 376 245960183
2 375 377 613980633
2 376 378 826101318
2 377 379 414333568
2 378 380 310232278
2 379 381 413468533
2 380 382 300004104
2 381 383 230303682
2 382 384 131859496
2 383 385 78056110
2 384 386 368334313
2 385 387 425060856
2 386 388 210434746
2 387 389 444145982
2 388 390 504647453
2 389 391 589240723
2 390 392 812790462
2 391 393 677529538
2 392 394 467115385
2 393 395 241340380
2 394 396 479759315
2 395 397 622895080
2 396 398 368892605
2 397 399 221043910
2 398 400 250859741
2 399 401 688890034
2 400 402 908425140
2 401 403 726527339
2 402 404 307818715
2 403 405 265908650
2 404 406 421869798
2 405 407 220264847
2 406 408 408489666
2 407 409 441087803
2 408 410 111397131
2 409 411 426270550
2 410 412 778571393
2 411 413 860149181
2 412 414 633225770
2 413 415 594001645
2 414 416 720327014
2 415 417 442371372
2 416 418 399504751
2 417 419 476508027
2 418 420 654821569
2 419 421 795657760
2 420 422 463742765
2 421 423 461929245
2 422 424 445498233
2 423 425 352584032
2 424 426 378752032
2 425 427 116256089
2 426 428 127187610
2 427 429 549057257
2 428 430 857413713
2 429 431 652506247
2 430 432 376887064
2 431 433 511659993
2 432 434 473841935
2 433 435 164116787
2 434 436 391842507
2 435 437 403647237
2 436 438 483708986
2 437 439 655185146
2 438 440 654735763
2 439 441 565833501
2 440 442 434309681
2 441 443 354850025
2 442 444 226095817
2 443 445 247470821
2 444 446 212010003
2 445 447 371710724
2 446 448 456688092
2 447 449 674675654
2 448 450 913148559
2 449 451 559429287
2 450 452 568306854
2 451 453 811413604
2 452 454 409001549
2 453 455 410854343
2 454 456 516260561
2 455 457 188660509
2 456 458 123022589
2 457 459 323168741
2 458 460 313123759
2 459 461 301963363
2 460 462 303105240
2 461 463 456353063
2 462 464 764126281
2 463 465 562324547
2 464 466 646516231
2 465 467 636014002
2 466 468 533200239
2 467 469 830290550
2 468 470 528896074
2 469 471 313367593
2 470 472 556190378
2 471 473 564173515
2 472 474 522012099
2 473 475 554648205
2 474 476 348204072
2 475 477 363251523
2 476 478 412771960
2 477 479 548946414
2 478 480 645512865
2 479 481 423595065
2 480 482 256465917
2 481 483 349761991
2 482 484 790242853
2 483 485 730429384
2 484 486 677722905
2 485 487 887194808
2 486 488 872206783
2 487 489 513640834
2 488 490 211932445
2 489 491 300340201
2 490 492 521225201
2 491 493 781872490
2 492 494 593904058
2 493 495 505591473
2 494 496 474652463
2 495 497 537573525
2 496 498 467835360
2 497 499 530641973
2 498 500 726417796
2 499 1 618842070
2 500 2 771551035
