500 500
1 476 480 253301134
2 73 89 795518846
1 285 305 921927680
2 474 478 234174538
2 61 62 23072981
2 179 186 226140879
1 190 197 499056059
1 319 330 553813012
1 71 80 459570203
2 350 361 676052807
1 4 10 194083229
2 108 111 171050797
1 254 273 892760279
2 309 321 646827398
2 212 231 826144640
1 105 117 569544562
1 367 381 820790190
1 407 417 496021842
2 40 43 133169196
1 350 358 463915359
1 115 118 125040246
1 83 96 543818083
2 218 233 730042351
2 213 227 672608175
1 111 127 671503295
1 71 85 748432161
1 442 455 654371310
1 220 236 842006139
1 250 254 203637858
1 57 66 565099096
1 146 148 155630158
1 156 160 151745021
2 454 469 785797046
2 216 230 587735014
2 378 392 880735340
2 137 139 12447716
1 127 138 544163611
2 448 460 520668923
1 132 153 932328467
2 221 239 916896585
1 25 28 178708821
2 247 250 216838370
1 205 206 75773128
1 150 162 560398665
2 288 304 759965427
1 478 493 750747632
2 37 45 386638805
2 212 221 322870649
1 409 414 245848650
1 378 393 903918387
1 468 478 714978861
2 210 216 286271880
1 178 197 971264277
2 278 285 250467895
1 264 273 426177133
2 143 147 170485321
1 254 263 396252317
2 403 406 241599522
2 117 120 155142907
2 144 150 282617608
2 110 119 396746974
1 188 198 677450403
1 391 405 853131541
1 131 150 822591998
1 229 238 433003730
1 493 3 426838750
1 40 48 374269300
1 342 351 478269872
2 84 100 758608408
2 380 388 447049956
1 418 437 903195460
1 207 222 711120665
1 135 156 893922749
2 235 251 997474837
2 36 38 81285667
2 70 90 944633544
2 328 338 381820631
1 177 183 241489268
2 419 422 167790115
2 481 492 551621871
1 365 379 773147698
1 188 194 362181972
1 292 304 612185862
2 106 115 449369151
2 461 465 220324882
2 173 193 998649745
1 174 190 697762744
1 341 347 361764550
2 450 458 357446901
2 208 221 560500792
1 121 134 578306306
1 333 343 396167455
1 296 313 731226305
1 486 4 765479046
2 116 130 533577639
1 191 196 383883609
1 95 105 623013846
1 76 77 77575615
2 349 357 421123244
1 148 149 44274245
2 228 244 845448956
2 81 91 471872373
2 218 227 512065403
1 497 2 211153156
2 476 484 422619413
1 371 373 121474603
2 174 179 273209814
1 84 93 320366156
2 282 301 952934183
2 147 168 873725293
1 115 139 985460810
1 57 66 565099098
1 114 124 426019527
2 457 464 390912708
2 231 245 813314781
2 482 1 984907282
1 266 274 363610698
1 92 95 161423895
2 239 245 399692193
1 200 208 435938942
2 208 212 237630157
2 259 264 221503630
1 423 437 624578548
1 333 351 850253012
2 285 294 458395326
2 137 154 732881450
1 167 171 196274920
1 302 315 591936940
1 201 219 919761444
2 475 484 481977471
2 150 169 824069260
2 113 135 996715464
1 84 85 18796481
2 405 418 703098628
2 110 119 396746971
1 270 273 123997941
1 381 396 944938894
2 389 399 604519766
2 451 464 665438224
2 19 35 922515744
2 291 294 178764394
2 399 409 617262113
1 97 104 473738754
2 184 202 953097008
2 365 379 773147705
1 353 359 401027814
1 334 345 552378411
2 443 454 517046965
1 235 238 152029921
1 452 470 957517739
1 485 492 333505109
2 105 120 724687471
1 497 7 348579852
1 180 184 154468899
2 253 272 916565196
2 211 213 98750556
2 246 258 735213166
1 68 75 311974643
1 442 444 131985669
1 317 318 82727583
1 164 178 813901087
1 303 317 692113920
1 108 124 762780028
1 461 474 798169053
1 236 248 702636149
1 42 49 326226466
1 143 158 699828653
2 121 124 88139412
1 400 416 929129607
1 301 311 392967972
1 142 144 116480953
2 213 216 124350288
2 170 181 657238194
2 221 228 387149019
2 153 173 889653124
2 13 28 927694927
1 340 358 962153403
2 371 384 769212005
2 405 419 744284558
2 218 231 642612701
2 237 247 634802767
2 232 248 930497205
2 202 208 411390628
1 271 288 838368332
1 154 173 886159475
2 263 269 281152896
2 109 125 690733471
2 418 436 864951197
2 482 500 963941940
1 356 365 417080788
1 212 229 734982330
2 456 473 949055897
1 285 302 813988776
2 169 174 345436300
2 365 374 505886733
2 134 142 261630016
2 411 424 693434351
1 168 170 145831259
2 345 360 857253008
1 465 466 49629365
1 29 42 670696910
2 44 61 965111157
2 134 145 424019141
2 201 214 719696534
1 265 277 651075278
2 113 114 49923028
2 77 81 200003270
2 204 219 764918196
2 334 339 203442415
1 172 175 218105045
2 481 493 618567604
1 20 23 162677421
1 33 39 337672422
1 15 17 134213039
1 40 54 586594260
2 14 22 509081661
1 470 483 758385939
1 462 478 935998235
1 478 479 92723389
2 420 434 682875501
1 100 102 114012096
2 161 174 675039168
2 278 279 390070
2 160 173 676050949
2 449 469 994749728
1 281 289 434941762
1 16 22 383133886
1 361 381 980104139
1 267 271 192644380
2 25 36 598091146
1 499 19 722520352
1 350 355 279432879
1 454 467 647654574
1 308 314 219883095
2 121 130 320293327
2 88 89 56936751
1 149 167 710527243
2 101 112 524779239
2 477 483 334839777
2 208 217 386513865
2 191 192 89428991
2 188 191 126567798
2 222 234 570087362
1 119 130 428201246
2 388 389 92195676
2 308 319 603802567
1 369 371 117711227
1 354 371 916387188
2 189 191 120998300
2 296 313 731226316
2 324 345 968552069
2 483 497 713043200
2 148 165 637103468
1 124 130 232153899
2 334 350 790368339
1 488 496 479682650
1 331 332 17351455
1 467 473 436429302
1 348 350 113148708
1 38 41 152701206
2 80 95 689071207
1 136 148 562154205
1 318 323 219622018
1 38 42 188657103
1 429 448 968953568
1 199 218 900010994
1 402 407 329187773
2 234 249 924210244
2 61 80 891886777
2 61 74 582568172
2 328 338 381820625
1 11 25 788191132
1 238 240 129130629
2 413 419 315614211
2 104 109 218892240
1 121 129 256398187
1 454 467 647654573
1 426 427 87502313
2 180 181 54533644
2 201 204 154843264
2 136 149 606428459
1 57 66 565099096
2 127 139 556124359
1 290 300 473129282
2 449 458 405099693
2 434 439 158547238
1 435 442 329866346
2 269 278 596129495
1 276 286 422028184
1 106 117 523298896
1 148 162 609373413
1 494 9 563234674
2 424 433 463170721
1 467 468 38679920
1 449 462 674267795
2 75 94 968097507
2 121 136 627905933
1 16 17 75425584
2 178 190 472208232
1 240 245 342342707
2 7 19 532680725
1 318 332 658723885
1 379 392 826814529
1 458 469 589650024
2 38 52 638128521
2 408 413 248140610
2 264 281 852535493
2 451 466 759245226
2 368 377 583190980
1 340 341 2166059
1 492 16 985015623
2 3 12 264265659
1 393 407 928656757
1 67 74 353425378
1 195 208 768713341
1 95 96 51049640
1 109 119 478118653
1 137 153 729387806
1 129 134 321908111
2 263 275 644675049
2 325 345 934778607
2 360 365 151170480
2 339 357 971264614
2 477 490 740451830
2 220 223 168857730
1 406 409 155862069
1 98 116 997294050
2 163 179 878323129
1 381 385 277429873
1 432 449 786476964
2 447 465 847954628
2 45 54 353890133
2 125 128 117489929
2 286 293 347961472
2 84 102 872620511
2 493 5 476718519
2 79 84 321823920
1 332 336 163433881
1 73 91 893251849
1 414 429 750616639
1 13 20 454636677
2 242 255 869340110
1 494 15 782187753
2 97 112 796554533
1 70 78 376025336
1 370 376 324193814
2 27 36 517302967
1 172 176 249912770
2 264 282 888683476
2 306 317 544395836
2 396 405 545652332
1 173 181 451747901
2 266 278 682700326
2 468 474 480804345
1 53 67 894477543
1 212 218 183531942
1 448 451 89129746
2 51 58 421586521
1 47 58 593006506
2 186 198 790655637
2 398 405 469709153
2 466 473 445159874
2 260 276 795270277
2 73 81 421379487
2 43 57 682742870
1 246 260 819822082
2 294 310 701914004
1 130 138 391783761
1 43 60 957075766
1 101 108 332241644
2 480 493 647127408
1 94 99 280411774
2 324 330 331240051
2 335 336 90258873
2 292 301 476542453
1 173 191 817033088
1 90 92 70920412
2 48 59 635321982
1 363 378 762448076
2 352 369 936327261
2 317 336 904885368
1 216 222 257143569
2 493 8 632052053
2 149 159 420187573
2 496 497 143461
2 112 128 704299858
1 426 443 794608924
1 410 423 719230579
2 106 123 780053250
2 285 286 20882554
2 251 268 852961457
1 494 18 992638168
2 34 40 306844110
2 412 423 602551356
1 284 292 389629471
2 201 212 669931692
1 255 258 145566345
1 446 459 548181882
1 179 186 226140866
2 432 442 423882177
2 185 196 626722231
2 123 126 35929604
1 229 246 965110506
2 461 468 317364724
1 158 162 164505979
2 376 386 634742319
1 292 304 612185865
1 392 406 866833054
2 154 174 964068864
2 347 367 969674170
1 225 230 202385474
1 233 236 185237444
2 31 46 855445758
2 482 488 309054963
1 341 352 551576384
1 437 439 54603830
2 168 172 252278414
2 188 201 793403960
2 260 270 441175663
2 128 142 617739514
1 413 421 468511474
2 317 325 407688429
1 453 465 626016506
1 163 181 978951837
2 215 216 50551707
2 255 270 671350944
2 396 405 545652329
2 268 283 722246242
1 127 145 834411968
2 85 98 569682510
2 319 339 842189032
2 426 437 496737390
2 141 151 455577230
1 285 305 921927687
1 115 117 73929753
1 100 111 536859116
1 4 23 874880645
1 388 394 378035052
1 67 68 55976646
2 386 387 2431959
2 148 152 175447415
2 168 182 807447654
1 65 68 111480059
1 308 325 860149001
1 380 390 606822096
2 108 121 674640627
2 186 188 113205228
1 279 295 774473287
2 332 334 48637134
1 161 176 747999425
2 121 124 88139421
2 272 284 578945143
1 425 445 967299227
2 478 482 163040715
2 136 145 374419524
1 491 499 438480168
2 150 160 415545227
1 481 496 819598286
2 104 108 130278205
2 163 182 983330044
2 421 424 124953968
1 8 21 589436015
2 18 36 994686401
1 25 31 244509845
1 439 441 173999690
2 444 463 970921519
1 99 104 310487416
2 101 119 898974349
1 84 86 31654226
2 389 404 878821542
1 211 233 989335673
1 252 265 636555409
1 185 202 930585702
2 489 6 667828988
2 124 130 232153910
1 489 5 658220783
2 444 446 123195143
2 327 338 467422418
2 288 289 70181618
2 106 114 372912016
1 285 299 715119865
2 133 138 197284244
2 338 352 652383992
1 44 60 881791319
1 383 392 542640098
1 172 175 218105053
1 336 355 955004452
2 355 356 73919890
2 405 421 897181824
2 228 245 929439752
2 399 403 219800532
1 493 2 412327305
1 104 125 909625699
1 87 98 556433067
2 407 419 568797111
2 439 446 443948001
2 254 268 674064180
2 286 302 793106234
1 54 67 816113304
2 130 148 869766817
