40 50
2 3 9 580700765
2 23 30 956237452
1 3 4 64261680
2 38 5 552835529
2 24 32 927218030
2 38 4 355183091
2 3 5 261914119
2 38 40 51943260
1 12 18 855693287
2 36 3 469935189
1 38 40 51943258
2 13 20 943795927
2 40 6 670901111
2 9 15 800519147
2 16 18 269825879
1 15 22 834973329
1 26 30 598198930
2 21 23 305582027
1 33 1 702166814
2 19 24 658595401
1 31 1 959434716
2 21 27 870508396
1 22 28 809128851
1 21 22 131380440
1 15 19 442471292
2 2 9 750680148
2 30 37 787358679
2 24 27 473034593
1 33 38 605171634
1 36 6 901858146
1 18 22 399404174
1 13 14 114904130
1 38 5 552835528
1 13 18 789515739
2 8 13 467759523
2 12 15 420124132
1 14 19 681513746
1 28 35 856504996
2 4 6 367661278
1 2 5 431893501
1 37 3 381494408
1 9 12 380395014
2 9 16 966262424
2 31 32 47380216
2 35 39 383036249
1 36 4 534196869
1 40 2 68998769
2 17 25 922341114
2 32 2 936001351
1 2 7 638292222
