500 500
1 122 131 423353617
2 482 483 92209362
2 74 82 428889255
1 299 314 659137142
2 305 307 69931541
1 134 138 180671945
1 76 85 494657708
2 85 99 709431899
2 389 399 499991159
2 34 44 575877198
2 111 114 181027780
1 494 15 911505361
1 377 383 335193861
1 263 265 104886749
1 333 347 813021847
1 10 25 506089509
2 268 275 384710379
2 18 36 992348102
1 61 82 990403184
1 163 166 269686654
2 67 74 283199429
1 154 155 7763108
1 20 24 66085071
2 247 252 263290472
2 231 233 47420738
2 211 212 97035890
1 466 481 661838577
1 359 366 433312949
1 273 293 854028712
2 299 321 959324141
1 171 187 814424755
1 457 472 749894357
1 282 294 513392365
1 396 414 841029096
2 154 157 25937841
1 10 16 144718041
2 301 320 845443423
1 350 364 721280966
2 374 382 452908687
2 80 93 694143016
1 476 479 123963986
1 315 333 796403317
2 146 159 576431411
1 83 94 499471242
2 16 18 79515469
1 240 254 596043186
1 90 100 426297500
1 322 323 60160995
1 214 232 757080912
2 438 440 91339943
2 164 170 492858166
2 304 324 867361502
1 167 182 822162066
1 40 48 339046655
2 495 5 581384196
2 395 407 526224691
2 478 496 908666682
2 83 89 268345871
1 60 75 611396679
2 224 234 326937533
1 6 21 571026266
2 199 201 67589081
2 380 393 493166817
2 281 295 635311524
2 309 326 745143386
1 376 378 110092518
1 416 425 510965497
1 29 33 209291012
2 145 161 760916630
1 463 474 388876948
2 8 28 795014121
1 152 163 478578880
2 421 430 375532051
1 473 484 638988669
2 139 141 133231893
2 88 97 441413731
2 374 393 826376259
1 499 5 381544903
1 440 446 480496768
2 475 484 544016904
2 239 256 805570035
2 436 443 465469576
1 335 353 926231270
1 347 362 742047865
2 32 47 807956431
1 220 230 416109708
1 123 141 918299098
1 111 122 724186893
2 134 137 139164893
2 386 405 839222941
2 437 446 607976677
1 451 459 409733659
2 325 340 923789536
1 320 329 484796644
2 149 160 429995082
2 48 57 431262548
1 161 167 485954623
2 46 59 607939356
2 201 202 52902355
1 222 233 413965880
1 300 313 605272835
1 246 261 685808153
1 256 260 192473727
1 141 150 532767114
2 65 77 585719419
1 166 177 649790633
1 480 487 435992411
1 184 194 472895236
2 329 345 860469160
1 202 213 695707422
2 145 146 50841090
2 238 249 581319122
2 411 426 772122191
1 247 251 212091496
1 197 203 302340526
2 468 472 107342621
2 342 355 580633198
1 14 33 912722183
1 350 356 268511810
1 87 90 208070479
2 273 282 378573787
2 330 347 891599597
1 395 406 479115403
1 61 76 659232283
1 66 74 325169282
2 102 117 942803304
2 459 470 575162760
1 141 161 950852042
2 455 464 565490091
1 78 85 387059470
1 94 110 925500743
2 273 281 331412153
2 145 163 889223579
1 315 327 475201047
1 226 240 521449189
2 394 401 397523079
2 245 255 475451989
2 235 255 929726679
2 136 144 506268669
2 112 121 632809544
2 436 448 895214042
1 239 242 134576473
1 495 8 701307522
1 366 370 266652621
2 70 78 345347092
1 388 390 84028284
2 213 233 859773160
1 79 83 288814050
2 236 240 221226316
1 146 147 96130748
1 333 350 985136193
1 69 84 796730170
1 427 441 851382748
1 466 474 244369272
1 12 22 304375635
1 186 195 408159283
2 362 367 339821926
1 273 285 554875519
1 339 345 271147896
1 29 33 209291012
1 377 389 577829996
1 43 64 850567209
1 43 62 741445089
1 206 220 833461783
1 408 422 800014693
2 84 104 987085618
2 476 494 882234111
1 324 327 71944556
2 165 169 313740591
1 147 157 374193899
1 417 433 781017138
2 345 350 254697005
1 116 119 210876376
2 435 445 673150738
1 51 52 19448795
2 332 343 670774408
1 366 382 917340619
1 121 135 639834125
1 384 393 351003836
1 482 498 760384441
2 137 145 462892261
1 288 310 990157916
1 120 130 534505797
2 318 321 157663864
1 83 90 365511080
1 221 240 817038287
1 15 24 296750335
1 161 170 698856126
2 152 164 556269891
2 411 424 710177920
2 494 496 97764038
2 70 77 335460053
2 454 464 627494004
2 268 272 214863997
2 497 500 164196512
1 210 225 895979390
2 316 318 51947135
2 490 10 998634373
2 242 248 311397959
1 178 183 235191129
2 160 162 132461565
2 238 249 581319122
1 415 428 704748677
1 219 228 441408494
2 247 253 267856648
2 245 263 800107150
2 175 183 387586814
2 130 146 797340414
2 464 480 674433256
2 379 394 640117212
2 429 438 624062137
1 483 499 675985897
2 116 129 749565328
1 40 46 259715173
1 166 181 889831658
1 439 443 306927786
2 110 115 284379966
1 118 124 343559322
1 218 219 34934415
1 218 236 707804932
2 231 248 746265315
1 298 306 444164104
1 494 12 867181487
2 392 399 408143484
2 468 475 265841261
2 335 349 730620048
2 90 91 41140722
1 310 331 974022487
2 15 30 715924410
2 229 231 58498190
1 164 166 191995643
2 429 436 491157485
2 402 417 794926385
2 59 66 293185993
1 34 49 821947377
2 428 443 957558198
1 348 357 440684239
1 176 187 599592011
2 214 219 219009198
2 214 232 757080912
1 369 375 320814870
1 386 400 659155042
1 350 352 57118312
2 192 204 641574673
2 316 325 404683150
2 484 5 987367428
2 249 250 65606185
1 475 495 950000136
2 117 130 701796791
2 224 232 303398349
2 86 96 522799292
2 294 297 211725943
1 97 99 81382156
1 78 96 935065749
2 188 198 463096688
1 313 332 858957184
1 333 335 174574361
1 61 64 117189632
1 4 23 679270338
1 228 251 959594365
2 359 370 699965570
2 360 363 201798367
2 142 147 285824223
1 480 485 368305019
1 441 445 315856056
1 417 427 476824497
1 210 218 546018760
1 306 323 727194605
1 218 230 506353945
2 445 452 457635202
2 171 191 984993986
1 368 379 606488111
2 265 271 306362252
2 360 362 120959763
2 457 468 642551736
2 203 217 901645057
1 278 297 864770929
2 474 482 476073320
2 237 253 771401109
1 164 165 98867272
1 290 293 100470320
2 249 251 89856784
2 172 185 591974559
1 145 158 557693782
2 375 377 80106136
1 164 176 750502763
1 36 57 973135095
1 267 278 517892752
1 57 66 390531319
1 240 254 596043186
1 217 226 419249758
2 272 293 855462092
2 370 380 530988753
1 469 478 398462280
1 255 276 959653196
2 328 338 594041190
2 54 72 725747557
2 406 414 431843220
1 89 99 506724814
2 142 154 634080281
2 376 393 725894748
2 188 196 358886459
2 373 386 663995137
2 423 439 841166144
2 120 134 678947967
2 468 472 107342621
1 157 166 637744496
1 395 411 789017214
1 177 192 718444093
1 75 91 888831360
1 7 27 814646248
2 138 150 764216911
2 105 119 913634714
2 126 137 454376991
1 426 427 30125289
1 279 297 822501675
2 386 394 323054939
1 272 290 754991772
2 424 440 862791807
2 208 216 576550115
2 395 396 69929527
2 107 112 223303434
1 389 395 286552667
2 446 462 957064686
2 348 358 488954097
2 413 427 713053934
2 487 498 447663168
1 192 209 825197011
1 179 195 721460747
1 280 286 306264617
1 11 25 458045001
1 442 456 922313598
2 84 92 410699418
2 473 481 418011920
2 16 18 79515469
1 94 105 594135389
1 381 383 68214002
2 53 70 730583451
2 159 166 531637732
1 398 407 411583697
2 486 487 66564147
2 7 23 579892021
1 94 106 687911221
2 268 269 15920100
2 274 275 86988805
2 5 19 510554629
2 286 303 765607149
2 315 335 970977678
1 330 334 172353411
1 214 234 780620096
1 373 388 722991887
2 265 279 639899047
2 330 347 891599597
2 499 23 983374034
2 231 254 984983937
1 56 58 100842744
1 398 411 674376220
1 331 332 52734025
2 248 262 602663650
2 398 405 308185225
1 440 454 968683850
2 321 329 430735900
1 56 76 857079696
1 390 402 592885500
1 352 365 741942437
1 199 216 994091978
1 369 380 613742822
1 223 237 492564757
1 169 171 123062156
2 303 324 962789509
2 369 381 667900865
2 482 2 944157102
1 307 322 628570118
1 218 224 269607780
1 218 240 929031248
2 183 193 516981826
1 264 283 809019857
1 170 190 954958737
2 454 456 104958684
2 378 382 242334658
2 43 49 246109083
1 40 48 339046655
1 149 161 516175682
1 260 267 260775166
1 231 253 951611929
2 70 88 919042574
1 313 329 749844413
1 298 299 96077653
1 74 88 779012074
2 305 310 155797898
2 235 254 864879756
2 253 267 607497882
1 152 166 748265534
1 316 323 325567914
2 413 428 767442964
2 272 286 621286427
2 60 80 894726506
1 343 357 658091194
1 44 66 969683320
2 459 470 575162760
1 395 412 819338771
2 347 348 54242315
2 123 132 474203068
2 221 244 983573996
1 239 248 445974432
1 98 115 971927775
2 7 29 980444690
2 151 167 894060707
2 279 287 399061385
2 92 99 314092634
2 363 365 148288626
2 55 62 290984813
2 13 34 949123231
2 463 475 483306098
1 91 92 54326249
2 114 121 490828263
2 117 118 89645672
1 430 443 915907393
2 279 289 450202938
1 226 248 878773753
2 475 491 835399610
1 14 22 286506492
1 367 384 897272925
2 237 238 44460051
2 75 89 750525429
1 128 144 845835120
2 172 192 944667747
2 377 394 771040880
2 252 274 972459841
2 425 442 980205295
1 209 219 667352833
1 25 30 323221735
2 215 235 770042431
1 205 207 77837552
2 139 141 133231893
2 280 302 976863251
2 147 163 742251741
2 493 3 430607456
1 133 147 769995651
2 216 233 681880040
2 93 97 198395244
2 120 125 335909777
1 66 79 563092508
1 291 302 519735690
1 425 441 909536860
1 462 470 380937872
1 229 231 58498190
2 107 112 223303434
2 385 395 470093463
1 357 364 398468758
1 271 290 805904767
1 119 131 586504996
2 470 490 938507237
1 105 111 352599200
1 43 49 246109083
2 7 23 579892021
2 471 487 865822635
2 79 87 446254651
1 66 79 563092508
1 304 307 126968258
1 480 497 792338822
2 359 366 433312949
1 232 243 436963026
2 453 455 125964278
2 68 75 271700735
1 89 96 345299194
2 56 65 369071476
1 37 41 207064616
2 338 340 186014792
2 210 214 361943977
1 499 4 304103696
1 449 465 946645041
2 100 101 44969853
1 38 48 389798870
2 267 276 450374245
1 374 394 891428506
2 171 183 586459102
2 458 468 543459663
2 149 164 722173642
1 81 97 855395531
2 368 369 74643437
2 357 368 653666922
2 162 165 258584267
2 164 175 734542307
2 119 129 538688952
1 457 475 908392997
1 316 334 864152532
1 146 164 916073500
2 186 199 641618632
2 388 400 600158292
2 496 11 748398997
2 272 291 772149371
2 5 19 510554629
1 356 366 598712205
1 52 58 223693824
1 142 148 318108998
2 264 277 602232861
1 454 470 849815476
1 441 451 752942406
2 161 173 878363199
