50 50
2 29 31 125388411
2 23 44 946939773
1 36 41 298472747
1 35 41 375952845
1 20 27 135174462
2 15 27 413577553
2 20 32 322343168
2 5 7 90853154
1 34 2 980235064
2 32 48 881559077
1 47 14 764119278
2 34 47 788772525
1 39 5 887085935
1 47 11 681374176
1 35 36 77480029
2 15 38 973212663
1 45 8 694774492
1 13 28 483951176
2 2 26 975430471
2 45 7 623010050
1 25 29 94744519
1 33 34 83130976
2 28 33 151410309
1 5 9 209098238
1 1 3 118796074
2 46 9 726322479
2 3 19 692396279
2 29 41 660782806
2 39 3 730386201
2 1 4 184540764
2 22 32 271320995
1 5 30 877138512
2 11 30 637231254
2 30 37 375500028
1 2 5 250004148
2 30 32 68399896
1 6 20 603776684
1 8 35 924879722
2 24 35 400260250
1 21 33 301171183
2 3 26 882126060
1 12 31 671485634
1 36 40 240366181
2 23 32 262935984
2 39 3 730386226
1 21 35 441127701
2 7 29 711814549
1 18 36 633334603
2 4 21 737324963
2 26 39 648399118
