400 500
2 1 3 570063376
2 2 4 423378313
2 3 5 727786999
2 4 6 525130468
2 5 7 309173076
2 6 8 508233418
2 7 9 549283727
2 8 10 567645970
2 9 11 700588670
2 10 12 421659256
2 11 13 424240204
2 12 14 622271525
2 13 15 495526495
2 14 16 710924239
2 15 17 942446892
2 16 18 581343365
2 17 19 583424672
2 18 20 507264346
2 19 21 438852421
2 20 22 802984616
2 21 23 392128267
2 22 24 76077383
2 23 25 364048044
2 24 26 706616585
2 25 27 671720660
2 26 28 564827061
2 27 29 627266203
2 28 30 342843346
2 29 31 119639691
2 30 32 558202785
2 31 33 850762031
2 32 34 665461341
2 33 35 447041853
2 34 36 233888498
2 35 37 540173032
2 36 38 536027924
2 37 39 378068984
2 38 40 525221719
2 39 41 678552492
2 40 42 767055059
2 41 43 508954187
2 42 44 562455132
2 43 45 442149002
2 44 46 463035719
2 45 47 456185006
2 46 48 269251247
2 47 49 588022985
2 48 50 548527592
2 49 51 458291496
2 50 52 398095683
2 51 53 236501234
2 52 54 377846573
2 53 55 268260535
2 54 56 328528393
2 55 57 513820810
2 56 58 721597740
2 57 59 933415301
2 58 60 749680281
2 59 61 322716108
2 60 62 98158588
2 61 63 236845429
2 62 64 316983572
2 63 65 266488426
2 64 66 581102060
2 65 67 561762255
2 66 68 337427721
2 67 69 475499288
2 68 70 557231221
2 69 71 636263871
2 70 72 304975088
2 71 73 171163575
2 72 74 218897225
2 73 75 106214599
2 74 76 146782105
2 75 77 145935765
2 76 78 182793736
2 77 79 240794206
2 78 80 528758041
2 79 81 427645336
2 80 82 257923124
2 81 83 307845281
2 82 84 143314604
2 83 85 203778142
2 84 86 359800203
2 85 87 618362514
2 86 88 639898486
2 87 89 542465199
2 88 90 677316216
2 89 91 586988338
2 90 92 480710546
2 91 93 571619380
2 92 94 297741015
2 93 95 26271173
2 94 96 38015944
2 95 97 393762771
2 96 98 652066892
2 97 99 374623696
2 98 100 423627056
2 99 101 807129642
2 100 102 729059246
2 101 103 670871118
2 102 104 688903441
2 103 105 426591474
2 104 106 265646808
2 105 107 555797288
2 106 108 908978700
2 107 109 661578964
2 108 110 331044251
2 109 111 228638942
2 110 112 425475108
2 111 113 571915659
2 112 114 720234450
2 113 115 632874432
2 114 116 335072184
2 115 117 533635089
2 116 118 467905191
2 117 119 136109788
2 118 120 199183689
2 119 121 252411201
2 120 122 110838602
2 121 123 430782582
2 122 124 577843110
2 123 125 459557340
2 124 126 419188124
2 125 127 478594814
2 126 128 485374190
2 127 129 639008940
2 128 130 767304775
2 129 131 717082577
2 130 132 904114138
2 131 133 760756566
2 132 134 367234898
2 133 135 198372074
2 134 136 211207718
2 135 137 569128655
2 136 138 922245685
2 137 139 851018992
2 138 140 603579646
2 139 141 212801821
2 140 142 210334766
2 141 143 549865990
2 142 144 553368498
2 143 145 362137110
2 144 146 621510016
2 145 147 893740435
2 146 148 743738941
2 147 149 520282526
2 148 150 457825450
2 149 151 705412029
2 150 152 572859029
2 151 153 394213806
2 152 154 487230399
2 153 155 499382639
2 154 156 357663274
2 155 157 560974371
2 156 158 989765181
2 157 159 898811588
2 158 160 422564710
2 159 161 41280432
2 160 162 524685510
2 161 163 717758469
2 162 164 459510126
2 163 165 423071800
2 164 166 396944347
2 165 167 661768629
2 166 168 829479523
2 167 169 463273716
2 168 170 179074048
2 169 171 405145504
2 170 172 471630793
2 171 173 275216458
2 172 174 579939772
2 173 175 556588387
2 174 176 239853739
2 175 177 556066393
2 176 178 486173676
2 177 179 104027899
2 178 180 396361313
2 179 181 630799186
2 180 182 448902415
2 181 183 532438872
2 182 184 488346704
2 183 185 479356801
2 184 186 625307668
2 185 187 680582449
2 186 188 535036742
2 187 189 641948165
2 188 190 693991461
2 189 191 259982223
2 190 192 108241766
2 191 193 401717355
2 192 194 476327936
2 193 195 358007050
2 194 196 686368863
2 195 197 550545733
2 196 198 183802906
2 197 199 230276490
2 198 200 509386685
2 199 201 417164171
2 200 202 352052156
2 201 203 731045974
2 202 204 736956134
2 203 205 442688120
2 204 206 263061997
2 205 207 157581319
2 206 208 485626039
2 207 209 484581595
2 208 210 179520463
2 209 211 454476539
2 210 212 439129744
2 211 213 545533039
2 212 214 775795940
2 213 215 547174293
2 214 216 376073682
2 215 217 337161351
2 216 218 488388374
2 217 219 628489570
2 218 220 768877792
2 219 221 763198799
2 220 222 748845714
2 221 223 498246408
2 222 224 272410477
2 223 225 385845698
2 224 226 222485252
2 225 227 165857523
2 226 228 218143231
2 227 229 571986687
2 228 230 600703328
2 229 231 329232139
2 230 232 517384115
2 231 233 796492083
2 232 234 781704274
2 233 235 554493943
2 234 236 513580681
2 235 237 448252884
2 236 238 523824118
2 237 239 534800087
2 238 240 624592169
2 239 241 833337320
2 240 242 807219847
2 241 243 639242035
2 242 244 677697827
2 243 245 710392770
2 244 246 714179483
2 245 247 973706445
2 246 248 908819784
2 247 249 805748094
2 248 250 561020773
2 249 251 513957074
2 250 252 715965274
2 251 253 652780428
2 252 254 446808922
2 253 255 307737426
2 254 256 189794717
2 255 257 73562012
2 256 258 307064120
2 257 259 552284755
2 258 260 648782959
2 259 261 686387475
2 260 262 598234528
2 261 263 511060553
2 262 264 656660224
2 263 265 440120471
2 264 266 291757511
2 265 267 462237271
2 266 268 257096209
2 267 269 186560415
2 268 270 299014528
2 269 271 442139560
2 270 272 303075082
2 271 273 538617155
2 272 274 786167108
2 273 275 774764112
2 274 276 579656816
2 275 277 454617804
2 276 278 779134490
2 277 279 470689995
2 278 280 80090791
2 279 281 55814058
2 280 282 312118012
2 281 283 545967485
2 282 284 354297519
2 283 285 525169853
2 284 286 677008952
2 285 287 369464314
2 286 288 423811515
2 287 289 381354657
2 288 290 279516750
2 289 291 408839877
2 290 292 584532656
2 291 293 704055342
2 292 294 373270831
2 293 295 240167793
2 294 296 460313153
2 295 297 392320603
2 296 298 563266771
2 297 299 587544829
2 298 300 520912215
2 299 301 420013664
2 300 302 374360056
2 301 303 736616236
2 302 304 840060569
2 303 305 866589612
2 304 306 906517943
2 305 307 787903622
2 306 308 453496944
2 307 309 152059915
2 308 310 398367049
2 309 311 836267050
2 310 312 591947218
2 311 313 349009023
2 312 314 470629704
2 313 315 714436132
2 314 316 591061942
2 315 317 321130710
2 316 318 323725111
2 317 319 259092273
2 318 320 154823637
2 319 321 375083193
2 320 322 344179264
2 321 323 370726361
2 322 324 736246267
2 323 325 472099164
2 324 326 212189928
2 325 327 554897436
2 326 328 891697842
2 327 329 684354158
2 328 330 294122973
2 329 331 143858840
2 330 332 351449605
2 331 333 510125910
2 332 334 271631670
2 333 335 332403179
2 334 336 369130775
2 335 337 244646546
2 336 338 459988133
2 337 339 437697489
2 338 340 268903007
2 339 341 222933381
2 340 342 200972711
2 341 343 576820596
2 342 344 957551683
2 343 345 764426175
2 344 346 515234375
2 345 347 377086421
2 346 348 580205522
2 347 349 811863842
2 348 350 389313838
2 349 351 453766367
2 350 352 737336078
2 351 353 652597863
2 352 354 415858529
2 353 355 524386633
2 354 356 626766973
2 355 357 202188544
2 356 358 542377422
2 357 359 978911375
2 358 360 924997862
2 359 361 922081649
2 360 362 597915221
2 361 363 572557279
2 362 364 876740493
2 363 365 747762382
2 364 366 580400889
2 365 367 526986106
2 366 368 494097113
2 367 369 496130930
2 368 370 464739633
2 369 371 465037044
2 370 372 578454082
2 371 373 452697277
2 372 374 411599723
2 373 375 752268158
2 374 376 568444059
2 375 377 190822655
2 376 378 294439793
2 377 379 667427023
2 378 380 978643181
2 379 381 777148085
2 380 382 709063763
2 381 383 891576335
2 382 384 859926528
2 383 385 595723940
2 384 386 572779206
2 385 387 769138084
2 386 388 679960594
2 387 389 302115257
2 388 390 507524241
2 389 391 702628428
2 390 392 464349025
2 391 393 384905428
2 392 394 423392649
2 393 395 363378959
2 394 396 452848386
2 395 397 700665672
2 396 398 766304189
2 397 399 834250072
2 398 400 419454775
2 399 1 494043483
2 400 2 932117868
1 204 206 263061997
1 89 91 586988338
1 42 44 562455132
1 88 90 677316216
1 276 278 779134490
1 372 374 411599723
1 187 189 641948165
1 274 276 579656816
1 69 71 636263871
1 259 261 686387475
1 155 157 560974371
1 117 119 136109788
1 164 166 396944347
1 247 249 805748094
1 394 396 452848386
1 99 101 807129642
1 81 83 307845281
1 303 305 866589612
1 335 337 244646546
1 21 23 392128267
1 17 19 583424672
1 63 65 266488426
1 256 258 307064120
1 257 259 552284755
1 160 162 524685510
1 337 339 437697489
1 242 244 677697827
1 34 36 233888498
1 122 124 577843110
1 109 111 228638942
1 207 209 484581595
1 174 176 239853739
1 266 268 257096209
1 208 210 179520463
1 175 177 556066393
1 16 18 581343365
1 145 147 893740435
1 3 5 727786999
1 4 6 525130468
1 165 167 661768629
1 354 356 626766973
1 36 38 536027924
1 348 350 389313838
1 211 213 545533039
1 249 251 513957074
1 48 50 548527592
1 217 219 628489570
1 364 366 580400889
1 304 306 906517943
1 22 24 76077383
1 170 172 471630793
1 30 32 558202785
1 65 67 561762255
1 147 149 520282526
1 253 255 307737426
1 221 223 498246408
1 85 87 618362514
1 11 13 424240204
1 345 347 377086421
1 356 358 542377422
1 96 98 652066892
1 383 385 595723940
1 183 185 479356801
1 107 109 661578964
1 297 299 587544829
1 200 202 352052156
1 397 399 834250072
1 168 170 179074048
1 373 375 752268158
1 87 89 542465199
1 106 108 908978700
1 134 136 211207718
1 27 29 627266203
1 83 85 203778142
1 92 94 297741015
1 203 205 442688120
1 298 300 520912215
1 173 175 556588387
1 250 252 715965274
1 223 225 385845698
1 50 52 398095683
1 248 250 561020773
1 317 319 259092273
1 52 54 377846573
1 347 349 811863842
1 306 308 453496944
1 124 126 419188124
1 329 331 143858840
1 277 279 470689995
1 327 329 684354158
1 188 190 693991461
1 252 254 446808922
1 144 146 621510016
1 228 230 600703328
1 152 154 487230399
1 371 373 452697277
1 323 325 472099164
1 154 156 357663274
1 333 335 332403179
1 308 310 398367049
