50 50
2 36 20 491441536
2 40 12 318870412
1 49 20 292192849
2 43 42 638361595
1 25 48 290175564
2 43 28 461004292
2 18 2 411971402
1 50 36 444449530
2 48 50 19510789
1 25 32 82454600
1 26 37 99481202
1 27 34 57782218
1 1 39 478187272
1 9 19 129107100
2 43 1 93124045
1 13 32 235513450
1 1 31 406595267
1 21 14 552151052
2 27 23 579234643
1 3 41 482299211
1 10 35 266412895
2 7 47 490289810
2 13 34 247377258
2 19 9 521372518
2 38 17 424245780
2 27 2 307382732
2 10 11 737861
1 32 22 519928928
2 5 6 22457385
2 15 38 264335164
1 33 6 322364714
1 30 39 93915488
1 19 5 447349112
1 27 28 5141689
1 7 4 601463438
1 17 25 89312960
2 22 32 130550583
1 36 32 629277737
1 7 29 275546957
2 45 7 183201998
2 49 42 566609807
2 36 34 641141665
2 1 44 567826569
2 3 34 380814738
1 4 18 204897480
2 46 23 359275853
1 23 19 626552643
1 34 35 5286342
2 7 20 168552374
2 16 8 556422254
