250 500
2 1 3 311175764
2 2 4 442958781
2 3 5 665672428
2 4 6 728636524
2 5 7 478817810
2 6 8 181446125
2 7 9 386317077
2 8 10 741632064
2 9 11 472539088
2 10 12 540079335
2 11 13 768109849
2 12 14 532824244
2 13 15 345672799
2 14 16 270242073
2 15 17 370835639
2 16 18 587629182
2 17 19 479518910
2 18 20 307763770
2 19 21 599700404
2 20 22 553997750
2 21 23 505338380
2 22 24 733635141
2 23 25 480477123
2 24 26 535268735
2 25 27 479227923
2 26 28 491258267
2 27 29 536894504
2 28 30 290672796
2 29 31 361421251
2 30 32 402504243
2 31 33 375792449
2 32 34 433229244
2 33 35 679984372
2 34 36 623080963
2 35 37 402962360
2 36 38 648931193
2 37 39 764793801
2 38 40 408632884
2 39 41 404024497
2 40 42 471872299
2 41 43 183197315
2 42 44 49350607
2 43 45 266808304
2 44 46 355458257
2 45 47 326049489
2 46 48 670163522
2 47 49 827032115
2 48 50 808460287
2 49 51 618833394
2 50 52 583803621
2 51 53 648650575
2 52 54 367951157
2 53 55 142603282
2 54 56 161336414
2 55 57 532354139
2 56 58 578122690
2 57 59 397273670
2 58 60 506928885
2 59 61 526423062
2 60 62 429805843
2 61 63 410513390
2 62 64 384943323
2 63 65 618892249
2 64 66 845183975
2 65 67 741352383
2 66 68 778729577
2 67 69 676177918
2 68 70 654663465
2 69 71 906300968
2 70 72 616616573
2 71 73 272178217
2 72 74 468527862
2 73 75 600663317
2 74 76 686697286
2 75 77 612833049
2 76 78 381796775
2 77 79 225862420
2 78 80 410355909
2 79 81 535885187
2 80 82 487621078
2 81 83 392170199
2 82 84 162319497
2 83 85 342056257
2 84 86 586941660
2 85 87 705290730
2 86 88 638034038
2 87 89 324114551
2 88 90 296209910
2 89 91 347439963
2 90 92 135129197
2 91 93 350368449
2 92 94 766237014
2 93 95 686037952
2 94 96 565784243
2 95 97 699089546
2 96 98 458985468
2 97 99 126812459
2 98 100 529574244
2 99 101 706732704
2 100 102 638485095
2 101 103 441160713
2 102 104 57571422
2 103 105 428306176
2 104 106 504819717
2 105 107 248509654
2 106 108 358199221
2 107 109 728811065
2 108 110 511007875
2 109 111 122797962
2 110 112 296696755
2 111 113 335880338
2 112 114 555869141
2 113 115 649722297
2 114 116 693238528
2 115 117 592776706
2 116 118 294740590
2 117 119 609534020
2 118 120 467271738
2 119 121 56783097
2 120 122 394401245
2 121 123 568295033
2 122 124 658756890
2 123 125 886045581
2 124 126 647820293
2 125 127 228343343
2 126 128 144733870
2 127 129 613660706
2 128 130 783514824
2 129 131 657763846
2 130 132 481317152
2 131 133 285852118
2 132 134 593455705
2 133 135 607310512
2 134 136 295267875
2 135 137 396757950
2 136 138 753574163
2 137 139 501046663
2 138 140 265411649
2 139 141 443231072
2 140 142 680124287
2 141 143 895890291
2 142 144 451096521
2 143 145 509664308
2 144 146 939929324
2 145 147 570143148
2 146 148 442046877
2 147 149 443398675
2 148 150 488276420
2 149 151 688258844
2 150 152 475924543
2 151 153 420324743
2 152 154 400852879
2 153 155 275432223
2 154 156 226150747
2 155 157 335910141
2 156 158 422561799
2 157 159 416484092
2 158 160 575794781
2 159 161 410952350
2 160 162 555866626
2 161 163 816410673
2 162 164 702361043
2 163 165 441372215
2 164 166 545143220
2 165 167 507536218
2 166 168 325295604
2 167 169 512366013
2 168 170 584830857
2 169 171 674141300
2 170 172 616240011
2 171 173 309548031
2 172 174 371515997
2 173 175 388067883
2 174 176 157820201
2 175 177 356159445
2 176 178 341940110
2 177 179 399661071
2 178 180 617469926
2 179 181 666797207
2 180 182 824936857
2 181 183 812727029
2 182 184 553416966
2 183 185 635979118
2 184 186 539664578
2 185 187 271306284
2 186 188 527737544
2 187 189 676528381
2 188 190 427440068
2 189 191 216460324
2 190 192 84203007
2 191 193 359340911
2 192 194 510974739
2 193 195 261086525
2 194 196 141234230
2 195 197 235221953
2 196 198 689278791
2 197 199 542750801
2 198 200 496059245
2 199 201 764492878
2 200 202 675130609
2 201 203 549931734
2 202 204 325775075
2 203 205 419518492
2 204 206 396252140
2 205 207 487937505
2 206 208 725722019
2 207 209 579882046
2 208 210 581617369
2 209 211 713592138
2 210 212 783639085
2 211 213 574604309
2 212 214 392530382
2 213 215 341625146
2 214 216 469188739
2 215 217 651266121
2 216 218 292198068
2 217 219 97402312
2 218 220 205688044
2 219 221 590667599
2 220 222 553547514
2 221 223 434681813
2 222 224 834569370
2 223 225 675864760
2 224 226 608933639
2 225 227 695468290
2 226 228 721749469
2 227 229 869719311
2 228 230 874518248
2 229 231 528503007
2 230 232 95663257
2 231 233 83186038
2 232 234 183527813
2 233 235 190084374
2 234 236 307301330
2 235 237 506829128
2 236 238 379057871
2 237 239 147820620
2 238 240 146959053
2 239 241 297815999
2 240 242 407025860
2 241 243 667636425
2 242 244 565019731
2 243 245 339334883
2 244 246 542601767
2 245 247 549232120
2 246 248 420259513
2 247 249 200373237
2 248 250 84788673
2 249 1 511421584
2 250 2 563010126
1 195 197 235203099
1 14 16 270228035
1 174 176 157807392
1 136 138 753566467
1 38 40 408622328
1 146 148 442038645
1 125 127 228332803
1 55 57 532340630
1 54 56 161322196
1 81 83 392165993
1 7 9 386311550
1 187 189 676511962
1 206 208 725713727
1 61 63 410504684
1 189 191 216450249
1 12 14 532818961
1 3 5 665663743
1 117 119 609525685
1 17 19 479502851
1 62 64 384936507
1 170 172 616224957
1 223 225 675854667
1 177 179 399646465
1 144 146 939918004
1 247 249 200363398
1 222 224 834561756
1 143 145 509652153
1 87 89 324098940
1 160 162 555855889
1 199 201 764481591
1 71 73 272167277
1 154 156 226132603
1 119 121 56773907
1 8 10 741617213
1 90 92 135114312
1 203 205 419505557
1 98 100 529562810
1 36 38 648921506
1 167 169 512350926
1 129 131 657759685
1 182 184 553407426
1 238 240 146950715
1 161 163 816398984
1 245 247 549217204
1 24 26 535257928
1 108 110 511007253
1 106 108 358182728
1 52 54 367939035
1 33 35 679968249
1 32 34 433215247
1 165 167 507523645
1 135 137 396739872
1 205 207 487929955
1 16 18 587614923
1 201 203 549915602
1 173 175 388054711
1 220 222 553528862
1 230 232 95648119
1 219 221 590661026
1 193 195 261078822
1 183 185 635973778
1 150 152 475916199
1 228 230 874512119
1 57 59 397261945
1 207 209 579878428
1 65 67 741333911
1 73 75 600655258
1 229 231 528489764
1 171 173 309533890
1 78 80 410340560
1 42 44 49340834
1 241 243 667627074
1 39 41 404009271
1 79 81 535874969
1 126 128 144724496
1 212 214 392521951
1 85 87 705274788
1 138 140 265406275
1 121 123 568285158
1 172 174 371506117
1 76 78 381788467
1 218 220 205682710
1 159 161 410943404
1 58 60 506915892
1 25 27 479219404
1 248 250 84778653
1 70 72 616608332
1 246 248 420247849
1 123 125 886035473
1 142 144 451084652
1 179 181 666785367
1 83 85 342043838
1 111 113 335866526
1 30 32 402491571
1 242 244 565012149
1 166 168 325283601
1 104 106 504815230
1 75 77 612825938
1 86 88 638024515
1 140 142 680116883
1 112 114 555856613
1 97 99 126802693
1 37 39 764783569
1 208 210 581608304
1 225 227 695456454
1 35 37 402951176
1 60 62 429789475
1 69 71 906289898
1 100 102 638467109
1 202 204 325765115
1 67 69 676169849
1 20 22 553989176
1 151 153 420315010
1 211 213 574590441
1 128 130 783512727
1 88 90 296198833
1 210 212 783621716
1 99 101 706721878
1 118 120 467267067
1 5 7 478808336
1 63 65 618887843
1 209 211 713580995
1 23 25 480465585
1 28 30 290663823
1 89 91 347431373
1 191 193 359326298
1 116 118 294736883
1 249 1 511407934
1 31 33 375776287
1 198 200 496049236
1 149 151 688257822
1 45 47 326035662
1 18 20 307749879
1 164 166 545132436
1 124 126 647801140
1 240 242 407015212
1 175 177 356155328
1 184 186 539663534
1 200 202 675127792
1 102 104 57569029
1 188 190 427423093
1 43 45 266793416
1 49 51 618819511
1 44 46 355445011
1 155 157 335899573
1 224 226 608918843
1 156 158 422544716
1 41 43 183184544
1 56 58 578111270
1 9 11 472533660
1 141 143 895878852
1 93 95 686021067
1 185 187 271296117
1 221 223 434672718
1 168 170 584822613
1 216 218 292181567
1 105 107 248498145
1 109 111 122780638
1 48 50 808457230
1 132 134 593447223
1 96 98 458966693
1 107 109 728800370
1 235 237 506819522
1 153 155 275422041
1 91 93 350363255
1 127 129 613649605
1 197 199 542739466
1 139 141 443216561
1 114 116 693230435
1 231 233 83183631
1 186 188 527721302
1 122 124 658749051
1 180 182 824923791
1 169 171 674128060
1 236 238 379048171
1 80 82 487615226
1 163 165 441364308
1 234 236 307287456
1 134 136 295257517
1 59 61 526411259
1 120 122 394394126
1 145 147 570127090
1 215 217 651252881
1 68 70 654650848
1 27 29 536883381
1 47 49 827020079
1 21 23 505332225
1 19 21 599683378
1 4 6 728633457
1 147 149 443387533
1 40 42 471860272
1 92 94 766227400
1 244 246 542588851
1 237 239 147811069
1 250 2 563002731
1 133 135 607304716
1 11 13 768104253
1 233 235 190070912
1 101 103 441149472
1 217 219 97393468
1 239 241 297804425
1 181 183 812717531
1 84 86 586926187
1 29 31 361415660
1 115 117 592765102
1 152 154 400842164
1 26 28 491244017
1 10 12 540076609
1 158 160 575778525
1 53 55 142596134
1 74 76 686688723
1 131 133 285843369
1 178 180 617459006
1 72 74 468515417
1 34 36 623069990
1 51 53 648634494
1 227 229 869713859
1 137 139 501031001
1 82 84 162305474
1 15 17 370817467
1 226 228 721740802
1 64 66 845170617
1 110 112 296683526
1 176 178 341934992
1 2 4 442951636
1 77 79 225854963
1 6 8 181432598
1 50 52 583799518
1 148 150 488270718
1 13 15 345669345
1 190 192 84191437
1 66 68 778717187
1 157 159 416475174
1 232 234 183515810
1 46 48 670156234
1 95 97 699072439
1 113 115 649713724
1 162 164 702352809
1 192 194 510969281
1 204 206 396247155
1 130 132 481304102
1 214 216 469185460
1 22 24 733628300
1 196 198 689266471
1 1 3 311159522
1 94 96 565768415
1 213 215 341614665
1 243 245 339323708
1 103 105 428301329
1 194 196 141220099
