30 50
2 22 25 321696254
1 6 9 429598589
2 20 24 574339703
1 6 11 576356740
1 5 8 323868503
1 3 4 55369427
2 22 25 321696255
1 4 7 210307195
2 15 19 688775733
1 10 16 574286695
1 30 8 807219916
2 28 7 828617040
2 29 8 832269205
2 29 6 590339237
2 13 19 829939631
2 12 17 641422522
2 5 8 323868505
1 25 5 994326655
2 7 14 714700298
2 2 6 202198163
1 5 7 200960985
2 12 15 211718527
1 25 30 510975242
2 6 8 241929970
1 29 7 709361687
2 22 30 832671498
1 18 27 984229160
2 23 25 98735361
1 24 26 128593810
1 8 11 334426771
2 18 27 984229161
1 13 19 829939629
2 26 1 673557817
2 8 13 457752754
1 26 29 417313610
2 9 12 199529505
2 29 3 443685064
1 3 7 265676623
2 7 16 938647636
2 2 5 120259628
2 4 6 91284744
1 27 29 244521584
2 25 4 984980448
1 21 27 758084923
1 3 9 576252761
2 25 1 742170162
2 2 11 778554904
2 23 26 167347706
1 8 10 241453422
1 16 22 848563740
