30 70
2 28 30 30569345
1 1 3 45749841
1 30 2 60746327
1 19 21 54601258
2 9 11 47547052
2 15 17 31218136
1 12 14 36221033
2 21 23 62072739
1 28 30 30569345
2 6 8 71171000
1 26 28 42821635
2 16 18 32716292
1 8 10 77405635
1 24 26 46501180
1 25 27 14162571
2 18 20 35059179
2 3 5 77223051
2 23 25 70374293
2 15 17 31218136
2 18 20 35059179
1 6 8 71171000
1 18 20 35059179
2 14 16 30396740
2 11 13 70220566
2 22 24 68738228
1 26 28 42821635
2 23 25 70374293
1 10 12 49225612
2 25 27 14162571
1 24 26 46501180
1 24 26 46501180
2 29 1 49741058
2 19 21 54601258
1 9 11 47547052
1 13 15 24396814
1 17 19 22560151
2 11 13 70220566
2 29 1 49741058
2 8 10 77405635
1 10 12 49225612
2 17 19 22560151
2 5 7 69282017
1 18 20 35059179
1 17 19 22560151
1 5 7 69282017
2 24 26 46501180
2 7 9 63033397
1 30 2 60746327
2 12 14 36221033
1 17 19 22560151
2 28 30 30569345
1 4 6 60131540
2 29 1 49741058
1 1 3 45749841
1 9 11 47547052
2 18 20 35059179
2 4 6 60131540
1 24 26 46501180
1 11 13 70220566
1 3 5 77223051
1 1 3 45749841
1 26 28 42821635
2 26 28 42821635
1 2 4 44236112
2 1 3 45749841
1 18 20 35059179
1 3 5 77223051
2 3 5 77223051
2 4 6 60131540
1 15 17 31218136
